# 55,# 55 5 target:1 c+:141 c-:11 score:62.54438486292258 score+:483.2444916452089 score-:195.54032127576508 nb:6 =l_2c_17 l_2c_18 l_2c_2 l_2c_10 l_2c_7 l_2c_9 
t # 0# (1, 8, 1)
v 0 3
v 1 100
v 2 0
v 3 0
v 4 3
v 5 5
v 6 1
v 7 5
e 0 1 0 
e 1 0 0 
e 1 2 0 
e 1 3 0 
e 2 1 0 
e 2 4 0 
e 2 5 0 
e 3 1 0 
e 3 6 0 
e 3 7 0 
e 4 2 0 
e 5 2 0 
e 5 7 0 
e 6 3 0 
e 7 3 0 
e 7 5 0 
t # 1# (1, 8, 2)
v 0 3
v 1 0
v 2 100
v 3 0
v 4 3
v 5 5
v 6 1
v 7 5
e 0 1 0 
e 1 0 0 
e 1 2 0 
e 1 3 0 
e 2 1 0 
e 2 4 0 
e 2 5 0 
e 3 1 0 
e 3 6 0 
e 3 7 0 
e 4 2 0 
e 5 2 0 
e 5 7 0 
e 6 3 0 
e 7 3 0 
e 7 5 0 
t # 2# (1, 8, 4)
v 0 3
v 1 0
v 2 0
v 3 0
v 4 103
v 5 5
v 7 5
e 0 1 0 
e 1 0 0 
e 1 2 0 
e 1 3 0 
e 2 1 0 
e 2 4 0 
e 2 5 0 
e 3 1 0 
e 3 7 0 
e 4 2 0 
e 5 2 0 
e 5 7 0 
e 7 3 0 
e 7 5 0 
t # 3# (1, 15, 9)
v 0 0
v 2 2
v 5 2
v 6 1
v 9 101
e 0 2 0 
e 2 0 0 
e 2 5 0 
e 2 6 0 
e 5 2 0 
e 5 9 0 
e 6 2 0 
e 9 5 0 
t # 4# (1, 23, 7)
v 0 0
v 4 0
v 5 0
v 6 30
v 7 101
v 8 1
v 9 1
e 0 5 0 
e 4 5 0 
e 5 0 0 
e 5 4 0 
e 5 6 0 
e 6 5 0 
e 6 7 0 
e 6 8 0 
e 6 9 0 
e 7 6 0 
e 8 6 0 
e 9 6 0 
t # 5# (1, 23, 8)
v 0 0
v 4 0
v 5 0
v 6 30
v 7 1
v 8 101
v 9 1
e 0 5 0 
e 4 5 0 
e 5 0 0 
e 5 4 0 
e 5 6 0 
e 6 5 0 
e 6 7 0 
e 6 8 0 
e 6 9 0 
e 7 6 0 
e 8 6 0 
e 9 6 0 
t # 6# (1, 23, 9)
v 0 0
v 4 0
v 5 0
v 6 30
v 7 1
v 8 1
v 9 101
e 0 5 0 
e 4 5 0 
e 5 0 0 
e 5 4 0 
e 5 6 0 
e 6 5 0 
e 6 7 0 
e 6 8 0 
e 6 9 0 
e 7 6 0 
e 8 6 0 
e 9 6 0 
t # 7# (1, 24, 1)
v 0 0
v 1 100
v 2 2
v 3 3
v 4 0
v 5 2
e 0 1 0 
e 0 2 0 
e 1 0 0 
e 1 3 0 
e 2 0 0 
e 2 4 0 
e 2 5 0 
e 3 1 0 
e 4 2 0 
e 5 2 0 
t # 8# (1, 24, 3)
v 0 0
v 1 0
v 2 2
v 3 103
e 0 1 0 
e 0 2 0 
e 1 0 0 
e 1 3 0 
e 2 0 0 
e 3 1 0 
t # 9# (1, 38, 2)
v 0 1
v 1 0
v 2 100
v 3 5
v 4 0
v 5 0
v 6 0
v 7 5
v 8 0
e 0 1 0 
e 0 5 0 
e 1 0 0 
e 1 2 0 
e 2 1 0 
e 2 3 0 
e 2 6 0 
e 3 2 0 
e 3 4 0 
e 4 3 0 
e 4 5 0 
e 4 8 0 
e 5 0 0 
e 5 4 0 
e 6 2 0 
e 6 7 0 
e 7 6 0 
e 8 4 0 
t # 10# (1, 38, 4)
v 0 1
v 1 0
v 2 0
v 3 5
v 4 100
v 5 0
v 6 0
v 8 0
v 9 5
e 0 1 0 
e 0 5 0 
e 1 0 0 
e 1 2 0 
e 2 1 0 
e 2 3 0 
e 2 6 0 
e 3 2 0 
e 3 4 0 
e 4 3 0 
e 4 5 0 
e 4 8 0 
e 5 0 0 
e 5 4 0 
e 6 2 0 
e 8 4 0 
e 8 9 0 
e 9 8 0 
t # 11# (1, 51, 4)
v 0 2
v 1 0
v 2 0
v 3 0
v 4 100
v 6 3
e 0 1 0 
e 0 2 0 
e 0 3 0 
e 1 0 0 
e 1 4 0 
e 2 0 0 
e 3 0 0 
e 4 1 0 
e 4 6 0 
e 6 4 0 
t # 12# (1, 51, 5)
v 0 2
v 1 0
v 2 0
v 3 0
v 5 100
v 7 3
e 0 1 0 
e 0 2 0 
e 0 3 0 
e 1 0 0 
e 2 0 0 
e 2 5 0 
e 3 0 0 
e 5 2 0 
e 5 7 0 
e 7 5 0 
t # 13# (1, 51, 6)
v 0 2
v 1 0
v 4 0
v 6 103
e 0 1 0 
e 1 0 0 
e 1 4 0 
e 4 1 0 
e 4 6 0 
e 6 4 0 
t # 14# (1, 51, 7)
v 0 2
v 2 0
v 5 0
v 7 103
e 0 2 0 
e 2 0 0 
e 2 5 0 
e 5 2 0 
e 5 7 0 
e 7 5 0 
t # 15# (1, 52, 6)
v 1 0
v 2 1
v 3 1
v 4 0
v 5 0
v 6 100
v 7 0
v 8 5
e 1 2 0 
e 1 3 0 
e 2 1 0 
e 2 4 0 
e 3 1 0 
e 3 5 0 
e 4 2 0 
e 4 5 0 
e 4 6 0 
e 5 3 0 
e 5 4 0 
e 5 7 0 
e 6 4 0 
e 6 8 0 
e 7 5 0 
e 7 8 0 
e 8 6 0 
e 8 7 0 
t # 16# (1, 52, 7)
v 1 0
v 2 1
v 3 1
v 4 0
v 5 0
v 6 0
v 7 100
v 8 5
e 1 2 0 
e 1 3 0 
e 2 1 0 
e 2 4 0 
e 3 1 0 
e 3 5 0 
e 4 2 0 
e 4 5 0 
e 4 6 0 
e 5 3 0 
e 5 4 0 
e 5 7 0 
e 6 4 0 
e 6 8 0 
e 7 5 0 
e 7 8 0 
e 8 6 0 
e 8 7 0 
t # 17# (1, 55, 1)
v 0 2
v 1 101
v 2 1
v 3 1
e 0 1 0 
e 0 2 0 
e 0 3 0 
e 1 0 0 
e 2 0 0 
e 3 0 0 
t # 18# (1, 55, 2)
v 0 2
v 1 1
v 2 101
v 3 1
e 0 1 0 
e 0 2 0 
e 0 3 0 
e 1 0 0 
e 2 0 0 
e 3 0 0 
t # 19# (1, 55, 3)
v 0 2
v 1 1
v 2 1
v 3 101
e 0 1 0 
e 0 2 0 
e 0 3 0 
e 1 0 0 
e 2 0 0 
e 3 0 0 
t # 20# (1, 70, 3)
v 0 0
v 1 0
v 2 11
v 3 100
v 4 2
v 5 0
v 6 2
v 9 0
e 0 1 0 
e 0 9 0 
e 1 0 0 
e 1 2 0 
e 1 3 0 
e 2 1 0 
e 3 1 0 
e 3 4 0 
e 4 3 0 
e 4 5 0 
e 5 4 0 
e 5 6 0 
e 5 9 0 
e 6 5 0 
e 9 0 0 
e 9 5 0 
t # 21# (1, 70, 4)
v 0 0
v 1 0
v 2 11
v 3 0
v 4 102
v 5 0
v 6 2
v 7 5
v 8 2
v 9 0
e 0 1 0 
e 0 9 0 
e 1 0 0 
e 1 2 0 
e 1 3 0 
e 2 1 0 
e 3 1 0 
e 3 4 0 
e 4 3 0 
e 4 5 0 
e 5 4 0 
e 5 6 0 
e 5 9 0 
e 6 5 0 
e 6 7 0 
e 7 6 0 
e 7 8 0 
e 8 7 0 
e 8 9 0 
e 9 0 0 
e 9 5 0 
e 9 8 0 
t # 22# (1, 95, 4)
v 1 0
v 2 0
v 3 0
v 4 100
v 5 3
v 6 1
v 7 3
e 1 2 0 
e 2 1 0 
e 2 3 0 
e 2 6 0 
e 3 2 0 
e 3 4 0 
e 3 7 0 
e 4 3 0 
e 4 5 0 
e 5 4 0 
e 6 2 0 
e 7 3 0 
t # 23# (1, 95, 5)
v 2 0
v 3 0
v 4 0
v 5 103
v 7 3
e 2 3 0 
e 3 2 0 
e 3 4 0 
e 3 7 0 
e 4 3 0 
e 4 5 0 
e 5 4 0 
e 7 3 0 
t # 24# (1, 104, 9)
v 5 0
v 7 0
v 8 1
v 9 102
v 10 1
v 11 1
e 5 7 0 
e 7 5 0 
e 7 8 0 
e 8 7 0 
e 8 9 0 
e 9 8 0 
e 9 10 0 
e 9 11 0 
e 10 9 0 
e 11 9 0 
t # 25# (1, 131, 6)
v 0 0
v 1 1
v 2 7
v 3 1
v 4 1
v 5 1
v 6 100
v 7 0
v 8 1
v 9 0
e 0 1 0 
e 0 2 0 
e 0 6 0 
e 1 0 0 
e 2 0 0 
e 2 3 0 
e 2 4 0 
e 2 5 0 
e 3 2 0 
e 4 2 0 
e 5 2 0 
e 6 0 0 
e 6 7 0 
e 6 8 0 
e 7 6 0 
e 7 8 0 
e 7 9 0 
e 8 6 0 
e 8 7 0 
e 9 7 0 
t # 26# (1, 144, 6)
v 0 0
v 2 2
v 4 0
v 5 0
v 6 102
v 7 0
v 9 2
v 10 1
v 11 1
e 0 2 0 
e 2 0 0 
e 2 4 0 
e 2 5 0 
e 4 2 0 
e 4 6 0 
e 4 7 0 
e 5 2 0 
e 5 9 0 
e 6 4 0 
e 6 10 0 
e 6 11 0 
e 7 4 0 
e 7 9 0 
e 9 5 0 
e 9 7 0 
e 10 6 0 
e 11 6 0 
t # 27# (1, 146, 0)
v 0 103
v 1 0
v 2 0
v 3 3
v 4 0
e 0 1 0 
e 1 0 0 
e 1 2 0 
e 2 1 0 
e 2 3 0 
e 2 4 0 
e 3 2 0 
e 4 2 0 
t # 28# (1, 146, 1)
v 0 3
v 1 100
v 2 0
v 3 3
v 4 0
v 5 2
e 0 1 0 
e 1 0 0 
e 1 2 0 
e 2 1 0 
e 2 3 0 
e 2 4 0 
e 3 2 0 
e 4 2 0 
e 4 5 0 
e 5 4 0 
t # 29# (1, 151, 1)
v 0 2
v 1 101
v 2 1
v 3 1
e 0 1 0 
e 0 2 0 
e 0 3 0 
e 1 0 0 
e 2 0 0 
e 3 0 0 
t # 30# (1, 151, 2)
v 0 2
v 1 1
v 2 101
v 3 1
e 0 1 0 
e 0 2 0 
e 0 3 0 
e 1 0 0 
e 2 0 0 
e 3 0 0 
t # 31# (1, 151, 3)
v 0 2
v 1 1
v 2 1
v 3 101
e 0 1 0 
e 0 2 0 
e 0 3 0 
e 1 0 0 
e 2 0 0 
e 3 0 0 
t # 32# (1, 152, 2)
v 0 2
v 2 105
v 3 0
v 4 0
v 5 0
v 8 2
v 9 0
e 0 4 0 
e 2 3 0 
e 3 2 0 
e 3 4 0 
e 3 8 0 
e 4 0 0 
e 4 3 0 
e 4 5 0 
e 5 4 0 
e 8 3 0 
e 8 9 0 
e 9 8 0 
t # 33# (1, 161, 0)
v 0 105
v 1 0
v 2 0
v 3 0
v 4 0
v 5 0
v 6 0
v 7 5
e 0 1 0 
e 0 2 0 
e 0 3 0 
e 1 0 0 
e 1 4 0 
e 2 0 0 
e 2 5 0 
e 3 0 0 
e 3 6 0 
e 4 1 0 
e 4 7 0 
e 5 2 0 
e 5 7 0 
e 6 3 0 
e 6 7 0 
e 7 4 0 
e 7 5 0 
e 7 6 0 
t # 34# (1, 161, 1)
v 0 5
v 1 100
v 2 0
v 3 0
v 4 0
v 5 0
v 6 0
v 7 5
e 0 1 0 
e 0 2 0 
e 0 3 0 
e 1 0 0 
e 1 4 0 
e 2 0 0 
e 2 5 0 
e 3 0 0 
e 3 6 0 
e 4 1 0 
e 4 7 0 
e 5 2 0 
e 5 7 0 
e 6 3 0 
e 6 7 0 
e 7 4 0 
e 7 5 0 
e 7 6 0 
t # 35# (1, 161, 2)
v 0 5
v 1 0
v 2 100
v 3 0
v 4 0
v 5 0
v 6 0
v 7 5
e 0 1 0 
e 0 2 0 
e 0 3 0 
e 1 0 0 
e 1 4 0 
e 2 0 0 
e 2 5 0 
e 3 0 0 
e 3 6 0 
e 4 1 0 
e 4 7 0 
e 5 2 0 
e 5 7 0 
e 6 3 0 
e 6 7 0 
e 7 4 0 
e 7 5 0 
e 7 6 0 
t # 36# (1, 161, 3)
v 0 5
v 1 0
v 2 0
v 3 100
v 4 0
v 5 0
v 6 0
v 7 5
e 0 1 0 
e 0 2 0 
e 0 3 0 
e 1 0 0 
e 1 4 0 
e 2 0 0 
e 2 5 0 
e 3 0 0 
e 3 6 0 
e 4 1 0 
e 4 7 0 
e 5 2 0 
e 5 7 0 
e 6 3 0 
e 6 7 0 
e 7 4 0 
e 7 5 0 
e 7 6 0 
t # 37# (1, 161, 4)
v 0 5
v 1 0
v 2 0
v 3 0
v 4 100
v 5 0
v 6 0
v 7 5
e 0 1 0 
e 0 2 0 
e 0 3 0 
e 1 0 0 
e 1 4 0 
e 2 0 0 
e 2 5 0 
e 3 0 0 
e 3 6 0 
e 4 1 0 
e 4 7 0 
e 5 2 0 
e 5 7 0 
e 6 3 0 
e 6 7 0 
e 7 4 0 
e 7 5 0 
e 7 6 0 
t # 38# (1, 161, 5)
v 0 5
v 1 0
v 2 0
v 3 0
v 4 0
v 5 100
v 6 0
v 7 5
e 0 1 0 
e 0 2 0 
e 0 3 0 
e 1 0 0 
e 1 4 0 
e 2 0 0 
e 2 5 0 
e 3 0 0 
e 3 6 0 
e 4 1 0 
e 4 7 0 
e 5 2 0 
e 5 7 0 
e 6 3 0 
e 6 7 0 
e 7 4 0 
e 7 5 0 
e 7 6 0 
t # 39# (1, 161, 6)
v 0 5
v 1 0
v 2 0
v 3 0
v 4 0
v 5 0
v 6 100
v 7 5
e 0 1 0 
e 0 2 0 
e 0 3 0 
e 1 0 0 
e 1 4 0 
e 2 0 0 
e 2 5 0 
e 3 0 0 
e 3 6 0 
e 4 1 0 
e 4 7 0 
e 5 2 0 
e 5 7 0 
e 6 3 0 
e 6 7 0 
e 7 4 0 
e 7 5 0 
e 7 6 0 
t # 40# (1, 161, 7)
v 0 5
v 1 0
v 2 0
v 3 0
v 4 0
v 5 0
v 6 0
v 7 105
e 0 1 0 
e 0 2 0 
e 0 3 0 
e 1 0 0 
e 1 4 0 
e 2 0 0 
e 2 5 0 
e 3 0 0 
e 3 6 0 
e 4 1 0 
e 4 7 0 
e 5 2 0 
e 5 7 0 
e 6 3 0 
e 6 7 0 
e 7 4 0 
e 7 5 0 
e 7 6 0 
t # 41# (1, 162, 8)
v 2 0
v 4 0
v 6 0
v 7 0
v 8 105
v 9 0
v 10 2
e 2 4 0 
e 4 2 0 
e 4 6 0 
e 6 4 0 
e 6 8 0 
e 6 9 0 
e 7 9 0 
e 8 6 0 
e 9 6 0 
e 9 7 0 
e 9 10 0 
e 10 9 0 
t # 42# (1, 166, 0)
v 0 102
v 1 0
v 2 0
v 3 0
v 4 0
v 5 0
v 6 0
v 7 0
v 8 1
v 9 2
e 0 1 0 
e 0 4 0 
e 0 7 0 
e 1 0 0 
e 1 2 0 
e 1 5 0 
e 2 1 0 
e 2 3 0 
e 2 8 0 
e 3 2 0 
e 3 4 0 
e 4 0 0 
e 4 3 0 
e 5 1 0 
e 5 6 0 
e 5 9 0 
e 6 5 0 
e 6 7 0 
e 6 8 0 
e 7 0 0 
e 7 6 0 
e 8 2 0 
e 8 6 0 
e 9 5 0 
t # 43# (1, 166, 2)
v 0 2
v 1 0
v 2 100
v 3 0
v 4 0
v 5 0
v 6 0
v 7 0
v 8 1
v 9 2
e 0 1 0 
e 0 4 0 
e 0 7 0 
e 1 0 0 
e 1 2 0 
e 1 5 0 
e 2 1 0 
e 2 3 0 
e 2 8 0 
e 3 2 0 
e 3 4 0 
e 4 0 0 
e 4 3 0 
e 5 1 0 
e 5 6 0 
e 5 9 0 
e 6 5 0 
e 6 7 0 
e 6 8 0 
e 7 0 0 
e 7 6 0 
e 8 2 0 
e 8 6 0 
e 9 5 0 
t # 44# (1, 166, 7)
v 0 2
v 1 0
v 2 0
v 3 0
v 4 0
v 5 0
v 6 0
v 7 100
v 8 1
v 9 2
e 0 1 0 
e 0 4 0 
e 0 7 0 
e 1 0 0 
e 1 2 0 
e 1 5 0 
e 2 1 0 
e 2 3 0 
e 2 8 0 
e 3 2 0 
e 3 4 0 
e 4 0 0 
e 4 3 0 
e 5 1 0 
e 5 6 0 
e 5 9 0 
e 6 5 0 
e 6 7 0 
e 6 8 0 
e 7 0 0 
e 7 6 0 
e 8 2 0 
e 8 6 0 
e 9 5 0 
t # 45# (1, 191, 5)
v 2 0
v 3 0
v 4 2
v 5 100
v 6 0
v 7 5
e 2 3 0 
e 3 2 0 
e 3 4 0 
e 4 3 0 
e 4 5 0 
e 5 4 0 
e 5 6 0 
e 6 5 0 
e 6 7 0 
e 7 6 0 
t # 46# (1, 219, 5)
v 0 7
v 1 1
v 2 1
v 3 1
v 4 1
v 5 100
v 8 0
v 9 3
v 10 3
e 0 1 0 
e 0 2 0 
e 0 3 0 
e 0 4 0 
e 1 0 0 
e 1 5 0 
e 2 0 0 
e 3 0 0 
e 4 0 0 
e 5 1 0 
e 5 8 0 
e 8 5 0 
e 8 9 0 
e 8 10 0 
e 9 8 0 
e 10 8 0 
t # 47# (1, 221, 4)
v 0 2
v 1 0
v 2 0
v 3 0
v 4 100
v 7 3
e 0 1 0 
e 0 2 0 
e 0 3 0 
e 1 0 0 
e 1 4 0 
e 2 0 0 
e 3 0 0 
e 4 1 0 
e 4 7 0 
e 7 4 0 
t # 48# (1, 221, 5)
v 0 2
v 1 0
v 2 0
v 3 0
v 5 100
v 8 3
e 0 1 0 
e 0 2 0 
e 0 3 0 
e 1 0 0 
e 2 0 0 
e 2 5 0 
e 3 0 0 
e 5 2 0 
e 5 8 0 
e 8 5 0 
t # 49# (1, 221, 7)
v 0 2
v 1 0
v 4 0
v 7 103
e 0 1 0 
e 1 0 0 
e 1 4 0 
e 4 1 0 
e 4 7 0 
e 7 4 0 
t # 50# (1, 221, 8)
v 8 103
v 0 2
v 2 0
v 5 0
e 8 5 0 
e 0 2 0 
e 2 0 0 
e 2 5 0 
e 5 8 0 
e 5 2 0 
t # 51# (1, 240, 7)
v 0 7
v 1 5
v 2 0
v 4 0
v 6 0
v 7 103
e 0 1 0 
e 0 2 0 
e 0 4 0 
e 0 6 0 
e 1 0 0 
e 2 0 0 
e 4 0 0 
e 6 0 0 
e 6 7 0 
e 7 6 0 
t # 52# (0, 252, 7)
v 0 0
v 2 0
v 3 0
v 4 0
v 5 0
v 7 105
v 9 5
e 0 5 0 
e 2 3 0 
e 3 2 0 
e 3 4 0 
e 3 9 0 
e 4 3 0 
e 4 5 0 
e 4 7 0 
e 5 0 0 
e 5 4 0 
e 7 4 0 
e 9 3 0 
t # 53# (1, 261, 10)
v 3 0
v 4 0
v 5 0
v 6 5
v 7 0
v 8 1
v 10 105
e 3 4 0 
e 3 5 0 
e 4 3 0 
e 4 6 0 
e 4 7 0 
e 5 3 0 
e 5 7 0 
e 5 8 0 
e 6 4 0 
e 7 4 0 
e 7 5 0 
e 7 10 0 
e 8 5 0 
e 10 7 0 
t # 54# (1, 270, 0)
v 0 100
v 1 0
v 2 2
v 3 0
v 4 6
v 5 2
v 6 0
v 7 0
v 8 0
v 9 0
e 0 1 0 
e 0 2 0 
e 0 3 0 
e 1 0 0 
e 1 4 0 
e 2 0 0 
e 2 5 0 
e 3 0 0 
e 3 6 0 
e 3 7 0 
e 4 1 0 
e 4 5 0 
e 5 2 0 
e 5 4 0 
e 6 3 0 
e 6 8 0 
e 7 3 0 
e 7 9 0 
e 8 6 0 
e 9 7 0 
t # 55# (1, 270, 4)
v 0 0
v 1 0
v 2 2
v 3 0
v 4 106
v 5 2
e 0 1 0 
e 0 2 0 
e 0 3 0 
e 1 0 0 
e 1 4 0 
e 2 0 0 
e 2 5 0 
e 3 0 0 
e 4 1 0 
e 4 5 0 
e 5 2 0 
e 5 4 0 
t # 56# (1, 273, 2)
v 0 3
v 1 0
v 2 100
v 3 2
v 4 0
v 5 2
v 6 0
v 7 0
v 8 2
v 9 5
e 0 1 0 
e 1 0 0 
e 1 2 0 
e 1 3 0 
e 2 1 0 
e 2 4 0 
e 2 5 0 
e 3 1 0 
e 3 6 0 
e 4 2 0 
e 4 7 0 
e 4 8 0 
e 5 2 0 
e 5 9 0 
e 6 3 0 
e 6 7 0 
e 7 4 0 
e 7 6 0 
e 8 4 0 
e 8 9 0 
e 9 5 0 
e 9 8 0 
t # 57# (1, 277, 8)
v 8 103
v 2 0
v 6 0
v 7 0
e 8 7 0 
e 2 6 0 
e 6 2 0 
e 6 7 0 
e 7 8 0 
e 7 6 0 
t # 58# (1, 279, 9)
v 5 0
v 7 0
v 8 1
v 9 102
v 10 1
v 11 1
e 5 7 0 
e 7 5 0 
e 7 8 0 
e 8 7 0 
e 8 9 0 
e 9 8 0 
e 9 10 0 
e 9 11 0 
e 10 9 0 
e 11 9 0 
t # 59# (1, 288, 1)
v 0 0
v 1 100
v 2 2
v 3 0
v 4 0
v 5 0
v 6 0
v 7 0
v 8 1
v 9 0
e 0 1 0 
e 0 5 0 
e 0 8 0 
e 1 0 0 
e 1 2 0 
e 2 1 0 
e 2 3 0 
e 2 6 0 
e 3 2 0 
e 3 4 0 
e 4 3 0 
e 4 5 0 
e 5 0 0 
e 5 4 0 
e 5 7 0 
e 6 2 0 
e 6 7 0 
e 7 5 0 
e 7 6 0 
e 8 0 0 
e 8 9 0 
e 9 8 0 
t # 60# (1, 292, 2)
v 0 0
v 1 0
v 2 102
v 3 5
v 4 0
v 5 0
e 0 1 0 
e 0 2 0 
e 1 0 0 
e 1 3 0 
e 2 0 0 
e 2 4 0 
e 2 5 0 
e 3 1 0 
e 4 2 0 
e 4 5 0 
e 5 2 0 
e 5 4 0 
t # 61# (1, 292, 4)
v 0 0
v 1 0
v 2 2
v 4 100
v 5 0
e 0 1 0 
e 0 2 0 
e 1 0 0 
e 2 0 0 
e 2 4 0 
e 2 5 0 
e 4 2 0 
e 4 5 0 
e 5 2 0 
e 5 4 0 
t # 62# (1, 292, 5)
v 0 0
v 1 0
v 2 2
v 4 0
v 5 100
e 0 1 0 
e 0 2 0 
e 1 0 0 
e 2 0 0 
e 2 4 0 
e 2 5 0 
e 4 2 0 
e 4 5 0 
e 5 2 0 
e 5 4 0 
t # 63# (1, 293, 2)
v 0 1
v 1 0
v 2 100
v 3 0
v 4 0
v 5 2
v 6 33
v 7 0
v 8 3
v 9 1
e 0 1 0 
e 0 2 0 
e 1 0 0 
e 2 0 0 
e 2 3 0 
e 2 4 0 
e 3 2 0 
e 3 5 0 
e 4 2 0 
e 4 6 0 
e 5 3 0 
e 5 7 0 
e 6 4 0 
e 6 8 0 
e 6 9 0 
e 7 5 0 
e 7 9 0 
e 8 6 0 
e 9 6 0 
e 9 7 0 
t # 64# (1, 293, 3)
v 0 1
v 1 0
v 2 0
v 3 100
v 4 0
v 5 2
v 6 33
v 7 0
v 9 1
v 10 2
e 0 1 0 
e 0 2 0 
e 1 0 0 
e 2 0 0 
e 2 3 0 
e 2 4 0 
e 3 2 0 
e 3 5 0 
e 4 2 0 
e 4 6 0 
e 5 3 0 
e 5 7 0 
e 6 4 0 
e 6 9 0 
e 7 5 0 
e 7 9 0 
e 7 10 0 
e 9 6 0 
e 9 7 0 
e 10 7 0 
t # 65# (1, 293, 5)
v 0 1
v 2 0
v 3 0
v 4 0
v 5 102
v 6 33
v 7 0
v 9 1
v 10 2
e 0 2 0 
e 2 0 0 
e 2 3 0 
e 2 4 0 
e 3 2 0 
e 3 5 0 
e 4 2 0 
e 4 6 0 
e 5 3 0 
e 5 7 0 
e 6 4 0 
e 6 9 0 
e 7 5 0 
e 7 9 0 
e 7 10 0 
e 9 6 0 
e 9 7 0 
e 10 7 0 
t # 66# (1, 305, 1)
v 0 1
v 1 100
v 2 0
v 3 3
v 4 0
v 5 3
v 6 0
v 7 1
v 10 0
e 0 1 0 
e 0 6 0 
e 1 0 0 
e 1 2 0 
e 1 4 0 
e 2 1 0 
e 2 3 0 
e 3 2 0 
e 4 1 0 
e 4 5 0 
e 5 4 0 
e 6 0 0 
e 6 7 0 
e 6 10 0 
e 7 6 0 
e 10 6 0 
t # 67# (1, 305, 2)
v 0 1
v 1 0
v 2 100
v 3 3
v 4 0
v 5 3
v 6 0
e 0 1 0 
e 0 6 0 
e 1 0 0 
e 1 2 0 
e 1 4 0 
e 2 1 0 
e 2 3 0 
e 3 2 0 
e 4 1 0 
e 4 5 0 
e 5 4 0 
e 6 0 0 
t # 68# (1, 305, 4)
v 0 1
v 1 0
v 2 0
v 3 3
v 4 100
v 5 3
v 6 0
e 0 1 0 
e 0 6 0 
e 1 0 0 
e 1 2 0 
e 1 4 0 
e 2 1 0 
e 2 3 0 
e 3 2 0 
e 4 1 0 
e 4 5 0 
e 5 4 0 
e 6 0 0 
t # 69# (1, 313, 4)
v 1 0
v 2 0
v 3 2
v 4 102
v 5 1
v 6 2
v 7 1
v 8 0
v 9 0
e 1 2 0 
e 2 1 0 
e 2 3 0 
e 3 2 0 
e 3 4 0 
e 3 8 0 
e 4 3 0 
e 4 5 0 
e 4 6 0 
e 5 4 0 
e 6 4 0 
e 6 7 0 
e 7 6 0 
e 8 3 0 
e 8 9 0 
e 9 8 0 
t # 70# (1, 313, 7)
v 3 2
v 4 2
v 5 1
v 6 2
v 7 101
e 3 4 0 
e 4 3 0 
e 4 5 0 
e 4 6 0 
e 5 4 0 
e 6 4 0 
e 6 7 0 
e 7 6 0 
t # 71# (0, 321, 7)
v 0 2
v 3 0
v 4 0
v 6 0
v 7 105
v 8 2
v 10 0
e 0 4 0 
e 3 4 0 
e 4 0 0 
e 4 3 0 
e 4 6 0 
e 6 4 0 
e 6 7 0 
e 6 8 0 
e 7 6 0 
e 8 6 0 
e 8 10 0 
e 10 8 0 
t # 72# (0, 325, 6)
v 0 0
v 1 0
v 2 5
v 3 0
v 4 0
v 5 0
v 6 100
v 7 5
v 8 2
v 9 0
v 10 0
v 14 0
e 0 1 0 
e 0 4 0 
e 1 0 0 
e 1 2 0 
e 2 1 0 
e 2 3 0 
e 3 2 0 
e 3 4 0 
e 3 6 0 
e 4 0 0 
e 4 3 0 
e 4 5 0 
e 5 4 0 
e 6 3 0 
e 6 7 0 
e 6 8 0 
e 7 6 0 
e 8 6 0 
e 8 9 0 
e 9 8 0 
e 9 10 0 
e 9 14 0 
e 10 9 0 
e 14 9 0 
t # 73# (0, 325, 7)
v 2 5
v 3 0
v 4 0
v 6 0
v 7 105
v 8 2
v 9 0
e 2 3 0 
e 3 2 0 
e 3 4 0 
e 3 6 0 
e 4 3 0 
e 6 3 0 
e 6 7 0 
e 6 8 0 
e 7 6 0 
e 8 6 0 
e 8 9 0 
e 9 8 0 
t # 74# (1, 356, 1)
v 0 2
v 1 101
v 2 1
v 3 1
e 0 1 0 
e 0 2 0 
e 0 3 0 
e 1 0 0 
e 2 0 0 
e 3 0 0 
t # 75# (1, 356, 2)
v 0 2
v 1 1
v 2 101
v 3 1
e 0 1 0 
e 0 2 0 
e 0 3 0 
e 1 0 0 
e 2 0 0 
e 3 0 0 
t # 76# (1, 356, 3)
v 0 2
v 1 1
v 2 1
v 3 101
e 0 1 0 
e 0 2 0 
e 0 3 0 
e 1 0 0 
e 2 0 0 
e 3 0 0 
t # 77# (1, 370, 4)
v 0 0
v 1 0
v 2 1
v 3 0
v 4 100
v 5 3
v 6 0
v 7 3
e 0 1 0 
e 0 3 0 
e 0 4 0 
e 0 6 0 
e 1 0 0 
e 1 2 0 
e 2 1 0 
e 2 3 0 
e 3 0 0 
e 3 2 0 
e 4 0 0 
e 4 5 0 
e 5 4 0 
e 6 0 0 
e 6 7 0 
e 7 6 0 
t # 78# (1, 370, 5)
v 0 0
v 1 0
v 3 0
v 4 0
v 5 103
v 6 0
e 0 1 0 
e 0 3 0 
e 0 4 0 
e 0 6 0 
e 1 0 0 
e 3 0 0 
e 4 0 0 
e 4 5 0 
e 5 4 0 
e 6 0 0 
t # 79# (1, 370, 6)
v 0 0
v 1 0
v 2 1
v 3 0
v 4 0
v 5 3
v 6 100
v 7 3
e 0 1 0 
e 0 3 0 
e 0 4 0 
e 0 6 0 
e 1 0 0 
e 1 2 0 
e 2 1 0 
e 2 3 0 
e 3 0 0 
e 3 2 0 
e 4 0 0 
e 4 5 0 
e 5 4 0 
e 6 0 0 
e 6 7 0 
e 7 6 0 
t # 80# (1, 370, 7)
v 0 0
v 1 0
v 3 0
v 4 0
v 6 0
v 7 103
e 0 1 0 
e 0 3 0 
e 0 4 0 
e 0 6 0 
e 1 0 0 
e 3 0 0 
e 4 0 0 
e 6 0 0 
e 6 7 0 
e 7 6 0 
t # 81# (1, 380, 1)
v 0 7
v 1 100
v 2 3
v 3 3
v 4 1
v 5 0
v 6 0
v 9 0
v 10 0
e 0 1 0 
e 0 4 0 
e 0 5 0 
e 0 9 0 
e 1 0 0 
e 1 2 0 
e 1 3 0 
e 2 1 0 
e 3 1 0 
e 4 0 0 
e 5 0 0 
e 5 6 0 
e 6 5 0 
e 9 0 0 
e 9 10 0 
e 10 9 0 
t # 82# (1, 384, 9)
v 0 0
v 1 0
v 2 0
v 3 0
v 7 0
v 8 2
v 9 102
v 10 1
v 11 1
e 0 1 0 
e 0 2 0 
e 1 0 0 
e 1 2 0 
e 1 3 0 
e 2 0 0 
e 2 1 0 
e 2 7 0 
e 2 9 0 
e 3 1 0 
e 7 2 0 
e 7 8 0 
e 8 7 0 
e 9 2 0 
e 9 10 0 
e 9 11 0 
e 10 9 0 
e 11 9 0 
t # 83# (1, 384, 10)
v 0 0
v 1 0
v 2 0
v 7 0
v 9 2
v 10 101
v 11 1
e 0 1 0 
e 0 2 0 
e 1 0 0 
e 1 2 0 
e 2 0 0 
e 2 1 0 
e 2 7 0 
e 2 9 0 
e 7 2 0 
e 9 2 0 
e 9 10 0 
e 9 11 0 
e 10 9 0 
e 11 9 0 
t # 84# (1, 384, 11)
v 0 0
v 1 0
v 2 0
v 7 0
v 9 2
v 10 1
v 11 101
e 0 1 0 
e 0 2 0 
e 1 0 0 
e 1 2 0 
e 2 0 0 
e 2 1 0 
e 2 7 0 
e 2 9 0 
e 7 2 0 
e 9 2 0 
e 9 10 0 
e 9 11 0 
e 10 9 0 
e 11 9 0 
t # 85# (1, 475, 8)
v 0 0
v 1 5
v 2 0
v 3 2
v 4 2
v 8 103
e 0 1 0 
e 0 4 0 
e 1 0 0 
e 1 2 0 
e 2 1 0 
e 2 3 0 
e 2 8 0 
e 3 2 0 
e 3 4 0 
e 4 0 0 
e 4 3 0 
e 8 2 0 
t # 86# (1, 515, 2)
v 0 7
v 1 1
v 2 100
v 3 3
v 4 3
v 5 0
v 6 0
v 7 0
v 8 0
e 0 1 0 
e 0 2 0 
e 0 5 0 
e 0 7 0 
e 1 0 0 
e 2 0 0 
e 2 3 0 
e 2 4 0 
e 3 2 0 
e 4 2 0 
e 5 0 0 
e 5 6 0 
e 6 5 0 
e 7 0 0 
e 7 8 0 
e 8 7 0 
t # 87# (1, 549, 2)
v 0 0
v 1 2
v 2 102
v 3 1
v 4 2
v 5 1
v 6 0
v 9 0
v 10 0
e 0 9 0 
e 1 2 0 
e 1 9 0 
e 1 10 0 
e 2 1 0 
e 2 3 0 
e 2 4 0 
e 3 2 0 
e 4 2 0 
e 4 5 0 
e 5 4 0 
e 6 10 0 
e 9 0 0 
e 9 1 0 
e 10 1 0 
e 10 6 0 
t # 88# (1, 549, 5)
v 1 2
v 2 2
v 3 1
v 4 2
v 5 101
e 1 2 0 
e 2 1 0 
e 2 3 0 
e 2 4 0 
e 3 2 0 
e 4 2 0 
e 4 5 0 
e 5 4 0 
t # 89# (1, 554, 3)
v 0 5
v 1 0
v 2 2
v 3 100
v 4 0
v 5 0
v 6 0
v 7 1
e 0 1 0 
e 0 4 0 
e 1 0 0 
e 1 2 0 
e 1 5 0 
e 2 1 0 
e 2 3 0 
e 2 6 0 
e 3 2 0 
e 3 4 0 
e 4 0 0 
e 4 3 0 
e 5 1 0 
e 5 6 0 
e 6 2 0 
e 6 5 0 
e 6 7 0 
e 7 6 0 
t # 90# (1, 554, 4)
v 0 5
v 1 0
v 2 2
v 3 0
v 4 100
v 5 0
v 6 0
e 0 1 0 
e 0 4 0 
e 1 0 0 
e 1 2 0 
e 1 5 0 
e 2 1 0 
e 2 3 0 
e 2 6 0 
e 3 2 0 
e 3 4 0 
e 4 0 0 
e 4 3 0 
e 5 1 0 
e 5 6 0 
e 6 2 0 
e 6 5 0 
t # 91# (1, 567, 0)
v 0 103
v 1 0
v 2 0
v 3 0
e 0 1 0 
e 1 0 0 
e 1 2 0 
e 2 1 0 
e 2 3 0 
e 3 2 0 
t # 92# (1, 567, 11)
v 8 0
v 9 0
v 10 0
v 11 103
e 8 9 0 
e 9 8 0 
e 9 10 0 
e 10 9 0 
e 10 11 0 
e 11 10 0 
t # 93# (0, 577, 32)
v 32 103
v 29 0
v 30 0
v 31 0
e 32 31 0 
e 29 30 0 
e 30 29 0 
e 30 31 0 
e 31 32 0 
e 31 30 0 
t # 94# (1, 589, 7)
v 2 5
v 3 0
v 4 0
v 5 0
v 6 0
v 7 102
v 8 0
v 9 0
v 10 5
v 11 0
e 2 3 0 
e 3 2 0 
e 3 4 0 
e 3 8 0 
e 4 3 0 
e 4 5 0 
e 5 4 0 
e 5 6 0 
e 5 11 0 
e 6 5 0 
e 6 7 0 
e 6 9 0 
e 7 6 0 
e 7 8 0 
e 8 3 0 
e 8 7 0 
e 9 6 0 
e 9 10 0 
e 10 9 0 
e 10 11 0 
e 11 5 0 
e 11 10 0 
t # 95# (1, 596, 1)
v 0 0
v 1 100
v 2 2
v 3 3
v 4 0
v 5 2
e 0 1 0 
e 0 2 0 
e 1 0 0 
e 1 3 0 
e 2 0 0 
e 2 4 0 
e 2 5 0 
e 3 1 0 
e 4 2 0 
e 5 2 0 
t # 96# (1, 596, 3)
v 0 0
v 1 0
v 2 2
v 3 103
e 0 1 0 
e 0 2 0 
e 1 0 0 
e 1 3 0 
e 2 0 0 
e 3 1 0 
t # 97# (1, 605, 0)
v 0 102
v 4 1
v 5 1
e 0 4 0 
e 0 5 0 
e 4 0 0 
e 5 0 0 
t # 98# (1, 605, 1)
v 1 102
v 2 1
v 3 1
e 1 2 0 
e 1 3 0 
e 2 1 0 
e 3 1 0 
t # 99# (0, 608, 6)
v 0 0
v 1 0
v 2 0
v 3 0
v 4 5
v 5 0
v 6 100
v 7 5
v 8 2
v 9 0
v 10 0
v 11 0
e 0 1 0 
e 0 2 0 
e 1 0 0 
e 1 4 0 
e 2 0 0 
e 2 3 0 
e 2 5 0 
e 3 2 0 
e 3 4 0 
e 3 6 0 
e 4 1 0 
e 4 3 0 
e 5 2 0 
e 6 3 0 
e 6 7 0 
e 6 8 0 
e 7 6 0 
e 8 6 0 
e 8 9 0 
e 9 8 0 
e 9 10 0 
e 9 11 0 
e 10 9 0 
e 11 9 0 
t # 100# (0, 608, 7)
v 2 0
v 3 0
v 4 5
v 6 0
v 7 105
v 8 2
v 9 0
e 2 3 0 
e 3 2 0 
e 3 4 0 
e 3 6 0 
e 4 3 0 
e 6 3 0 
e 6 7 0 
e 6 8 0 
e 7 6 0 
e 8 6 0 
e 8 9 0 
e 9 8 0 
t # 101# (1, 623, 6)
v 0 0
v 1 5
v 2 0
v 6 105
v 7 0
v 8 0
e 0 1 0 
e 0 2 0 
e 1 0 0 
e 2 0 0 
e 2 6 0 
e 6 2 0 
e 6 7 0 
e 6 8 0 
e 7 6 0 
e 8 6 0 
t # 102# (1, 623, 7)
v 0 0
v 2 0
v 6 5
v 7 100
v 8 0
e 0 2 0 
e 2 0 0 
e 2 6 0 
e 6 2 0 
e 6 7 0 
e 6 8 0 
e 7 6 0 
e 8 6 0 
t # 103# (1, 623, 8)
v 0 0
v 2 0
v 6 5
v 7 0
v 8 100
e 0 2 0 
e 2 0 0 
e 2 6 0 
e 6 2 0 
e 6 7 0 
e 6 8 0 
e 7 6 0 
e 8 6 0 
t # 104# (1, 624, 3)
v 0 0
v 1 0
v 2 11
v 3 100
v 4 2
v 5 0
v 6 2
e 0 1 0 
e 0 2 0 
e 0 3 0 
e 1 0 0 
e 2 0 0 
e 3 0 0 
e 3 4 0 
e 4 3 0 
e 4 5 0 
e 5 4 0 
e 5 6 0 
e 6 5 0 
t # 105# (1, 628, 10)
v 0 0
v 1 0
v 3 0
v 4 0
v 5 2
v 9 2
v 10 105
e 0 9 0 
e 1 4 0 
e 1 9 0 
e 1 10 0 
e 3 4 0 
e 4 1 0 
e 4 3 0 
e 4 5 0 
e 5 4 0 
e 9 0 0 
e 9 1 0 
e 10 1 0 
t # 106# (1, 655, 2)
v 0 11
v 1 0
v 2 100
v 3 0
v 4 2
v 5 2
v 6 0
v 7 0
v 8 0
e 0 1 0 
e 1 0 0 
e 1 2 0 
e 1 3 0 
e 2 1 0 
e 2 4 0 
e 3 1 0 
e 3 5 0 
e 4 2 0 
e 4 5 0 
e 4 6 0 
e 5 3 0 
e 5 4 0 
e 5 7 0 
e 6 4 0 
e 6 8 0 
e 7 5 0 
e 7 8 0 
e 8 6 0 
e 8 7 0 
t # 107# (1, 655, 3)
v 0 11
v 1 0
v 2 0
v 3 100
v 4 2
v 5 2
v 6 0
v 7 0
v 8 0
e 0 1 0 
e 1 0 0 
e 1 2 0 
e 1 3 0 
e 2 1 0 
e 2 4 0 
e 3 1 0 
e 3 5 0 
e 4 2 0 
e 4 5 0 
e 4 6 0 
e 5 3 0 
e 5 4 0 
e 5 7 0 
e 6 4 0 
e 6 8 0 
e 7 5 0 
e 7 8 0 
e 8 6 0 
e 8 7 0 
t # 108# (1, 655, 4)
v 0 11
v 1 0
v 2 0
v 3 0
v 4 102
v 5 2
v 6 0
v 7 0
v 8 0
v 9 1
e 0 1 0 
e 1 0 0 
e 1 2 0 
e 1 3 0 
e 2 1 0 
e 2 4 0 
e 3 1 0 
e 3 5 0 
e 4 2 0 
e 4 5 0 
e 4 6 0 
e 5 3 0 
e 5 4 0 
e 5 7 0 
e 6 4 0 
e 6 8 0 
e 7 5 0 
e 7 8 0 
e 8 6 0 
e 8 7 0 
e 8 9 0 
e 9 8 0 
t # 109# (1, 655, 5)
v 0 11
v 1 0
v 2 0
v 3 0
v 4 2
v 5 102
v 6 0
v 7 0
v 8 0
v 9 1
e 0 1 0 
e 1 0 0 
e 1 2 0 
e 1 3 0 
e 2 1 0 
e 2 4 0 
e 3 1 0 
e 3 5 0 
e 4 2 0 
e 4 5 0 
e 4 6 0 
e 5 3 0 
e 5 4 0 
e 5 7 0 
e 6 4 0 
e 6 8 0 
e 7 5 0 
e 7 8 0 
e 8 6 0 
e 8 7 0 
e 8 9 0 
e 9 8 0 
t # 110# (1, 674, 5)
v 0 0
v 1 0
v 2 2
v 4 0
v 5 100
v 6 1
v 7 0
v 8 0
v 9 0
v 10 0
e 0 1 0 
e 0 2 0 
e 1 0 0 
e 2 0 0 
e 2 4 0 
e 2 5 0 
e 4 2 0 
e 4 6 0 
e 4 7 0 
e 5 2 0 
e 5 8 0 
e 6 4 0 
e 6 8 0 
e 7 4 0 
e 7 9 0 
e 8 5 0 
e 8 6 0 
e 8 10 0 
e 9 7 0 
e 9 10 0 
e 10 8 0 
e 10 9 0 
t # 111# (1, 692, 3)
v 0 0
v 1 0
v 2 0
v 3 105
v 4 1
v 5 5
e 0 1 0 
e 0 2 0 
e 0 3 0 
e 1 0 0 
e 1 4 0 
e 2 0 0 
e 2 5 0 
e 3 0 0 
e 4 1 0 
e 5 2 0 
t # 112# (1, 697, 6)
v 0 0
v 1 1
v 2 0
v 4 0
v 5 0
v 6 100
v 7 3
e 0 1 0 
e 0 5 0 
e 0 6 0 
e 1 0 0 
e 1 2 0 
e 2 1 0 
e 4 5 0 
e 5 0 0 
e 5 4 0 
e 6 0 0 
e 6 7 0 
e 7 6 0 
t # 113# (1, 718, 3)
v 3 102
v 4 2
v 5 0
v 6 0
v 7 0
v 8 0
e 3 5 0 
e 3 6 0 
e 3 7 0 
e 4 8 0 
e 5 3 0 
e 5 6 0 
e 6 3 0 
e 6 5 0 
e 7 3 0 
e 7 8 0 
e 8 4 0 
e 8 7 0 
t # 114# (1, 718, 5)
v 3 2
v 5 100
v 6 0
v 7 0
v 8 0
e 3 5 0 
e 3 6 0 
e 3 7 0 
e 5 3 0 
e 5 6 0 
e 6 3 0 
e 6 5 0 
e 7 3 0 
e 7 8 0 
e 8 7 0 
t # 115# (1, 718, 6)
v 3 2
v 5 0
v 6 100
v 7 0
v 8 0
e 3 5 0 
e 3 6 0 
e 3 7 0 
e 5 3 0 
e 5 6 0 
e 6 3 0 
e 6 5 0 
e 7 3 0 
e 7 8 0 
e 8 7 0 
t # 116# (1, 723, 1)
v 0 3
v 1 100
v 2 1
v 3 0
v 4 0
v 5 1
v 6 1
e 0 1 0 
e 1 0 0 
e 1 2 0 
e 1 3 0 
e 2 1 0 
e 2 4 0 
e 3 1 0 
e 3 5 0 
e 4 2 0 
e 4 5 0 
e 4 6 0 
e 5 3 0 
e 5 4 0 
e 6 4 0 
t # 117# (0, 742, 6)
v 0 0
v 1 0
v 2 0
v 3 0
v 4 5
v 5 0
v 6 100
v 7 5
v 8 2
v 10 0
v 13 0
v 14 0
e 0 1 0 
e 0 2 0 
e 1 0 0 
e 1 4 0 
e 2 0 0 
e 2 3 0 
e 2 5 0 
e 3 2 0 
e 3 4 0 
e 3 6 0 
e 4 1 0 
e 4 3 0 
e 5 2 0 
e 6 3 0 
e 6 7 0 
e 6 8 0 
e 7 6 0 
e 8 6 0 
e 8 13 0 
e 10 13 0 
e 13 8 0 
e 13 10 0 
e 13 14 0 
e 14 13 0 
t # 118# (0, 742, 7)
v 2 0
v 3 0
v 4 5
v 6 0
v 7 105
v 8 2
v 13 0
e 2 3 0 
e 3 2 0 
e 3 4 0 
e 3 6 0 
e 4 3 0 
e 6 3 0 
e 6 7 0 
e 6 8 0 
e 7 6 0 
e 8 6 0 
e 8 13 0 
e 13 8 0 
t # 119# (1, 755, 2)
v 0 11
v 1 0
v 2 100
v 3 0
v 4 2
v 5 2
v 6 0
v 7 0
v 8 0
e 0 1 0 
e 1 0 0 
e 1 2 0 
e 1 3 0 
e 2 1 0 
e 2 4 0 
e 3 1 0 
e 3 5 0 
e 4 2 0 
e 4 5 0 
e 4 6 0 
e 5 3 0 
e 5 4 0 
e 5 7 0 
e 6 4 0 
e 6 8 0 
e 7 5 0 
e 7 8 0 
e 8 6 0 
e 8 7 0 
t # 120# (1, 755, 3)
v 0 11
v 1 0
v 2 0
v 3 100
v 4 2
v 5 2
v 6 0
v 7 0
v 8 0
e 0 1 0 
e 1 0 0 
e 1 2 0 
e 1 3 0 
e 2 1 0 
e 2 4 0 
e 3 1 0 
e 3 5 0 
e 4 2 0 
e 4 5 0 
e 4 6 0 
e 5 3 0 
e 5 4 0 
e 5 7 0 
e 6 4 0 
e 6 8 0 
e 7 5 0 
e 7 8 0 
e 8 6 0 
e 8 7 0 
t # 121# (1, 755, 4)
v 0 11
v 1 0
v 2 0
v 3 0
v 4 102
v 5 2
v 6 0
v 7 0
v 8 0
v 9 11
e 0 1 0 
e 1 0 0 
e 1 2 0 
e 1 3 0 
e 2 1 0 
e 2 4 0 
e 3 1 0 
e 3 5 0 
e 4 2 0 
e 4 5 0 
e 4 6 0 
e 5 3 0 
e 5 4 0 
e 5 7 0 
e 6 4 0 
e 6 8 0 
e 7 5 0 
e 7 8 0 
e 8 6 0 
e 8 7 0 
e 8 9 0 
e 9 8 0 
t # 122# (1, 755, 5)
v 0 11
v 1 0
v 2 0
v 3 0
v 4 2
v 5 102
v 6 0
v 7 0
v 8 0
v 9 11
e 0 1 0 
e 1 0 0 
e 1 2 0 
e 1 3 0 
e 2 1 0 
e 2 4 0 
e 3 1 0 
e 3 5 0 
e 4 2 0 
e 4 5 0 
e 4 6 0 
e 5 3 0 
e 5 4 0 
e 5 7 0 
e 6 4 0 
e 6 8 0 
e 7 5 0 
e 7 8 0 
e 8 6 0 
e 8 7 0 
e 8 9 0 
e 9 8 0 
t # 123# (1, 755, 6)
v 1 0
v 2 0
v 3 0
v 4 2
v 5 2
v 6 100
v 7 0
v 8 0
v 9 11
e 1 2 0 
e 1 3 0 
e 2 1 0 
e 2 4 0 
e 3 1 0 
e 3 5 0 
e 4 2 0 
e 4 5 0 
e 4 6 0 
e 5 3 0 
e 5 4 0 
e 5 7 0 
e 6 4 0 
e 6 8 0 
e 7 5 0 
e 7 8 0 
e 8 6 0 
e 8 7 0 
e 8 9 0 
e 9 8 0 
t # 124# (1, 755, 7)
v 1 0
v 2 0
v 3 0
v 4 2
v 5 2
v 6 0
v 7 100
v 8 0
v 9 11
e 1 2 0 
e 1 3 0 
e 2 1 0 
e 2 4 0 
e 3 1 0 
e 3 5 0 
e 4 2 0 
e 4 5 0 
e 4 6 0 
e 5 3 0 
e 5 4 0 
e 5 7 0 
e 6 4 0 
e 6 8 0 
e 7 5 0 
e 7 8 0 
e 8 6 0 
e 8 7 0 
e 8 9 0 
e 9 8 0 
t # 125# (1, 770, 8)
v 3 0
v 4 0
v 5 0
v 6 5
v 7 0
v 8 100
v 9 2
v 10 5
v 11 0
e 3 4 0 
e 4 3 0 
e 4 5 0 
e 4 9 0 
e 5 4 0 
e 5 6 0 
e 6 5 0 
e 6 7 0 
e 7 6 0 
e 7 8 0 
e 8 7 0 
e 8 9 0 
e 8 10 0 
e 9 4 0 
e 9 8 0 
e 9 11 0 
e 10 8 0 
e 11 9 0 
t # 126# (1, 770, 10)
v 4 0
v 6 5
v 7 0
v 8 0
v 9 2
v 10 105
v 11 0
e 4 9 0 
e 6 7 0 
e 7 6 0 
e 7 8 0 
e 8 7 0 
e 8 9 0 
e 8 10 0 
e 9 4 0 
e 9 8 0 
e 9 11 0 
e 10 8 0 
e 11 9 0 
t # 127# (1, 774, 3)
v 0 11
v 1 0
v 2 0
v 3 100
v 4 0
v 5 2
v 6 0
v 8 2
e 0 1 0 
e 1 0 0 
e 1 2 0 
e 1 3 0 
e 2 1 0 
e 2 4 0 
e 3 1 0 
e 3 5 0 
e 4 2 0 
e 4 6 0 
e 5 3 0 
e 5 6 0 
e 6 4 0 
e 6 5 0 
e 6 8 0 
e 8 6 0 
t # 128# (1, 784, 0)
v 0 105
v 1 0
v 2 2
v 3 0
v 4 0
v 5 5
v 6 2
e 0 1 0 
e 1 0 0 
e 1 2 0 
e 1 3 0 
e 2 1 0 
e 2 4 0 
e 3 1 0 
e 3 5 0 
e 3 6 0 
e 4 2 0 
e 5 3 0 
e 6 3 0 
t # 129# (1, 784, 1)
v 0 5
v 1 100
v 2 2
v 3 0
v 4 0
v 5 5
v 6 2
v 7 0
v 8 0
e 0 1 0 
e 1 0 0 
e 1 2 0 
e 1 3 0 
e 2 1 0 
e 2 4 0 
e 3 1 0 
e 3 5 0 
e 3 6 0 
e 4 2 0 
e 4 7 0 
e 4 8 0 
e 5 3 0 
e 6 3 0 
e 6 7 0 
e 7 4 0 
e 7 6 0 
e 8 4 0 
t # 130# (1, 784, 3)
v 0 5
v 1 0
v 2 2
v 3 100
v 4 0
v 5 5
v 6 2
v 7 0
v 9 0
e 0 1 0 
e 1 0 0 
e 1 2 0 
e 1 3 0 
e 2 1 0 
e 2 4 0 
e 3 1 0 
e 3 5 0 
e 3 6 0 
e 4 2 0 
e 4 7 0 
e 5 3 0 
e 6 3 0 
e 6 7 0 
e 7 4 0 
e 7 6 0 
e 7 9 0 
e 9 7 0 
t # 131# (1, 784, 5)
v 0 5
v 1 0
v 2 2
v 3 0
v 5 105
v 6 2
v 7 0
e 0 1 0 
e 1 0 0 
e 1 2 0 
e 1 3 0 
e 2 1 0 
e 3 1 0 
e 3 5 0 
e 3 6 0 
e 5 3 0 
e 6 3 0 
e 6 7 0 
e 7 6 0 
t # 132# (1, 802, 3)
v 0 0
v 1 2
v 2 0
v 3 102
v 4 0
v 5 0
v 6 2
v 7 1
v 8 1
v 9 0
e 0 1 0 
e 0 4 0 
e 1 0 0 
e 1 2 0 
e 1 3 0 
e 2 1 0 
e 2 5 0 
e 3 1 0 
e 3 6 0 
e 3 8 0 
e 4 0 0 
e 5 2 0 
e 6 3 0 
e 6 7 0 
e 7 6 0 
e 7 9 0 
e 8 3 0 
e 9 7 0 
t # 133# (1, 834, 4)
v 0 1
v 1 0
v 2 1
v 3 0
v 4 115
v 7 1
v 8 0
v 9 0
v 10 1
e 0 1 0 
e 1 0 0 
e 1 2 0 
e 1 3 0 
e 2 1 0 
e 2 4 0 
e 3 1 0 
e 4 2 0 
e 4 7 0 
e 7 4 0 
e 7 9 0 
e 8 9 0 
e 9 7 0 
e 9 8 0 
e 9 10 0 
e 10 9 0 
t # 134# (1, 848, 1)
v 0 0
v 1 102
v 2 1
v 3 0
v 4 0
v 5 0
v 6 0
v 7 1
e 0 1 0 
e 1 0 0 
e 1 2 0 
e 1 3 0 
e 1 4 0 
e 2 1 0 
e 3 1 0 
e 3 5 0 
e 4 1 0 
e 4 6 0 
e 5 3 0 
e 5 7 0 
e 6 4 0 
e 6 7 0 
e 7 5 0 
e 7 6 0 
t # 135# (0, 861, 32)
v 32 103
v 29 0
v 30 0
v 31 0
e 32 31 0 
e 29 30 0 
e 30 29 0 
e 30 31 0 
e 31 32 0 
e 31 30 0 
t # 136# (1, 884, 3)
v 0 0
v 1 0
v 2 0
v 3 102
v 4 0
v 5 0
v 6 0
v 7 1
v 8 1
e 0 1 0 
e 0 2 0 
e 0 3 0 
e 0 4 0 
e 1 0 0 
e 1 5 0 
e 2 0 0 
e 2 6 0 
e 3 0 0 
e 3 7 0 
e 3 8 0 
e 4 0 0 
e 5 1 0 
e 6 2 0 
e 7 3 0 
e 8 3 0 
t # 137# (1, 925, 5)
v 0 0
v 1 0
v 2 0
v 3 0
v 5 102
v 6 1
v 7 1
v 8 0
v 9 0
v 11 2
e 0 1 0 
e 0 2 0 
e 0 3 0 
e 1 0 0 
e 1 2 0 
e 1 5 0 
e 1 8 0 
e 2 0 0 
e 2 1 0 
e 2 9 0 
e 3 0 0 
e 5 1 0 
e 5 6 0 
e 5 7 0 
e 6 5 0 
e 7 5 0 
e 8 1 0 
e 8 11 0 
e 9 2 0 
e 11 8 0 
t # 138# (1, 925, 6)
v 0 0
v 1 0
v 2 0
v 5 2
v 6 101
v 7 1
v 8 0
e 0 1 0 
e 0 2 0 
e 1 0 0 
e 1 2 0 
e 1 5 0 
e 1 8 0 
e 2 0 0 
e 2 1 0 
e 5 1 0 
e 5 6 0 
e 5 7 0 
e 6 5 0 
e 7 5 0 
e 8 1 0 
t # 139# (1, 925, 7)
v 0 0
v 1 0
v 2 0
v 5 2
v 6 1
v 7 101
v 8 0
e 0 1 0 
e 0 2 0 
e 1 0 0 
e 1 2 0 
e 1 5 0 
e 1 8 0 
e 2 0 0 
e 2 1 0 
e 5 1 0 
e 5 6 0 
e 5 7 0 
e 6 5 0 
e 7 5 0 
e 8 1 0 
t # 140# (1, 955, 0)
v 0 105
v 1 0
v 2 0
v 3 2
v 4 0
v 5 2
v 6 0
e 0 1 0 
e 1 0 0 
e 1 2 0 
e 1 3 0 
e 2 1 0 
e 2 4 0 
e 2 5 0 
e 3 1 0 
e 3 6 0 
e 4 2 0 
e 5 2 0 
e 6 3 0 
t # 141# (1, 965, 3)
v 0 0
v 1 0
v 2 11
v 3 100
v 4 2
v 5 0
v 6 2
v 7 0
v 8 0
e 0 1 0 
e 1 0 0 
e 1 2 0 
e 1 3 0 
e 2 1 0 
e 3 1 0 
e 3 4 0 
e 4 3 0 
e 4 5 0 
e 4 7 0 
e 5 4 0 
e 5 6 0 
e 6 5 0 
e 7 4 0 
e 7 8 0 
e 8 7 0 
t # 142# (1, 965, 4)
v 0 0
v 1 0
v 2 11
v 3 0
v 4 102
v 5 0
v 6 2
v 7 0
v 8 0
v 9 11
v 10 0
e 0 1 0 
e 1 0 0 
e 1 2 0 
e 1 3 0 
e 2 1 0 
e 3 1 0 
e 3 4 0 
e 4 3 0 
e 4 5 0 
e 4 7 0 
e 5 4 0 
e 5 6 0 
e 6 5 0 
e 7 4 0 
e 7 8 0 
e 8 7 0 
e 8 9 0 
e 8 10 0 
e 9 8 0 
e 10 8 0 
t # 143# (1, 965, 7)
v 1 0
v 3 0
v 4 2
v 5 0
v 6 2
v 7 100
v 8 0
v 9 11
v 10 0
e 1 3 0 
e 3 1 0 
e 3 4 0 
e 4 3 0 
e 4 5 0 
e 4 7 0 
e 5 4 0 
e 5 6 0 
e 6 5 0 
e 7 4 0 
e 7 8 0 
e 8 7 0 
e 8 9 0 
e 8 10 0 
e 9 8 0 
e 10 8 0 
t # 144# (1, 988, 0)
v 0 103
v 1 0
v 2 5
v 3 2
v 4 0
v 5 2
e 0 1 0 
e 1 0 0 
e 1 2 0 
e 1 3 0 
e 2 1 0 
e 2 4 0 
e 3 1 0 
e 3 5 0 
e 4 2 0 
e 4 5 0 
e 5 3 0 
e 5 4 0 
t # 145# (1, 988, 2)
v 0 3
v 1 0
v 2 105
v 3 2
v 4 0
v 5 2
v 6 0
v 7 0
v 8 0
e 0 1 0 
e 1 0 0 
e 1 2 0 
e 1 3 0 
e 2 1 0 
e 2 4 0 
e 3 1 0 
e 3 5 0 
e 4 2 0 
e 4 5 0 
e 4 6 0 
e 5 3 0 
e 5 4 0 
e 6 4 0 
e 6 7 0 
e 6 8 0 
e 7 6 0 
e 8 6 0 
t # 146# (1, 997, 7)
v 0 0
v 2 0
v 3 0
v 4 0
v 7 105
v 8 0
v 10 2
v 11 0
e 0 2 0 
e 2 0 0 
e 2 3 0 
e 2 4 0 
e 3 2 0 
e 4 2 0 
e 4 7 0 
e 4 8 0 
e 7 4 0 
e 8 4 0 
e 8 10 0 
e 8 11 0 
e 10 8 0 
e 11 8 0 
t # 147# (1, 1019, 4)
v 0 2
v 1 0
v 2 0
v 3 0
v 4 105
v 5 0
v 7 0
e 0 1 0 
e 1 0 0 
e 1 2 0 
e 1 3 0 
e 2 1 0 
e 2 4 0 
e 2 5 0 
e 3 1 0 
e 4 2 0 
e 5 2 0 
e 5 7 0 
e 7 5 0 
t # 148# (1, 1023, 3)
v 0 0
v 1 5
v 2 5
v 3 100
v 4 0
v 5 0
v 6 5
v 7 0
v 8 5
e 0 1 0 
e 0 2 0 
e 0 8 0 
e 1 0 0 
e 1 4 0 
e 2 0 0 
e 2 3 0 
e 3 2 0 
e 3 4 0 
e 3 5 0 
e 4 1 0 
e 4 3 0 
e 4 7 0 
e 5 3 0 
e 5 6 0 
e 6 5 0 
e 6 7 0 
e 7 4 0 
e 7 6 0 
e 8 0 0 
t # 149# (1, 1023, 4)
v 0 0
v 1 5
v 2 5
v 3 0
v 4 100
v 5 0
v 6 5
v 7 0
v 8 5
e 0 1 0 
e 0 2 0 
e 0 8 0 
e 1 0 0 
e 1 4 0 
e 2 0 0 
e 2 3 0 
e 3 2 0 
e 3 4 0 
e 3 5 0 
e 4 1 0 
e 4 3 0 
e 4 7 0 
e 5 3 0 
e 5 6 0 
e 6 5 0 
e 6 7 0 
e 7 4 0 
e 7 6 0 
e 8 0 0 
t # 150# (1, 1034, 0)
v 0 103
v 1 0
v 2 0
v 3 0
v 4 0
v 5 2
v 6 2
e 0 1 0 
e 1 0 0 
e 1 2 0 
e 1 3 0 
e 2 1 0 
e 2 4 0 
e 2 5 0 
e 3 1 0 
e 3 6 0 
e 4 2 0 
e 5 2 0 
e 6 3 0 
t # 151# (1, 1076, 5)
v 0 1
v 1 0
v 2 0
v 3 2
v 4 0
v 5 102
v 7 2
v 8 2
v 9 0
v 11 3
e 0 1 0 
e 1 0 0 
e 1 2 0 
e 1 3 0 
e 2 1 0 
e 2 4 0 
e 2 5 0 
e 3 1 0 
e 4 2 0 
e 4 7 0 
e 4 8 0 
e 5 2 0 
e 5 9 0 
e 7 4 0 
e 7 9 0 
e 8 4 0 
e 9 5 0 
e 9 7 0 
e 9 11 0 
e 11 9 0 
t # 152# (1, 1084, 0)
v 0 100
v 1 5
v 2 1
v 3 0
v 4 0
v 5 1
v 6 5
v 7 1
v 8 1
v 9 1
v 10 1
v 11 3
e 0 1 0 
e 0 6 0 
e 0 11 0 
e 1 0 0 
e 1 2 0 
e 1 7 0 
e 1 8 0 
e 2 1 0 
e 2 3 0 
e 3 2 0 
e 3 4 0 
e 4 3 0 
e 4 5 0 
e 5 4 0 
e 5 6 0 
e 6 0 0 
e 6 5 0 
e 6 9 0 
e 6 10 0 
e 7 1 0 
e 8 1 0 
e 9 6 0 
e 10 6 0 
e 11 0 0 
t # 153# (1, 1085, 3)
v 0 0
v 2 0
v 3 100
v 4 3
v 5 2
e 0 5 0 
e 2 3 0 
e 2 5 0 
e 3 2 0 
e 3 4 0 
e 4 3 0 
e 5 0 0 
e 5 2 0 
t # 154# (1, 1085, 4)
v 2 0
v 3 0
v 4 103
v 5 2
e 2 3 0 
e 2 5 0 
e 3 2 0 
e 3 4 0 
e 4 3 0 
e 5 2 0 
t # 155# (1, 1099, 0)
v 0 105
v 1 0
v 2 0
v 3 0
v 4 0
v 5 0
v 6 2
e 0 1 0 
e 1 0 0 
e 1 2 0 
e 1 3 0 
e 2 1 0 
e 2 4 0 
e 2 5 0 
e 3 1 0 
e 3 6 0 
e 4 2 0 
e 5 2 0 
e 6 3 0 
t # 156# (1, 1134, 5)
v 0 0
v 1 0
v 2 2
v 3 0
v 4 0
v 5 102
v 6 1
v 7 2
v 8 1
v 9 0
e 0 1 0 
e 1 0 0 
e 1 2 0 
e 2 1 0 
e 2 3 0 
e 2 5 0 
e 3 2 0 
e 3 4 0 
e 4 3 0 
e 5 2 0 
e 5 6 0 
e 5 7 0 
e 6 5 0 
e 7 5 0 
e 7 8 0 
e 8 7 0 
e 8 9 0 
e 9 8 0 
t # 157# (1, 1169, 0)
v 0 100
v 1 2
v 2 0
v 5 0
v 6 0
e 0 1 0 
e 0 2 0 
e 1 0 0 
e 1 2 0 
e 1 5 0 
e 2 0 0 
e 2 1 0 
e 5 1 0 
e 5 6 0 
e 6 5 0 
t # 158# (1, 1169, 2)
v 0 0
v 1 2
v 2 100
v 5 0
v 6 0
e 0 1 0 
e 0 2 0 
e 1 0 0 
e 1 2 0 
e 1 5 0 
e 2 0 0 
e 2 1 0 
e 5 1 0 
e 5 6 0 
e 6 5 0 
t # 159# (1, 1172, 1)
v 0 2
v 1 101
v 2 1
v 3 1
e 0 1 0 
e 0 2 0 
e 0 3 0 
e 1 0 0 
e 2 0 0 
e 3 0 0 
t # 160# (1, 1172, 2)
v 0 2
v 1 1
v 2 101
v 3 1
e 0 1 0 
e 0 2 0 
e 0 3 0 
e 1 0 0 
e 2 0 0 
e 3 0 0 
t # 161# (1, 1172, 3)
v 0 2
v 1 1
v 2 1
v 3 101
e 0 1 0 
e 0 2 0 
e 0 3 0 
e 1 0 0 
e 2 0 0 
e 3 0 0 
t # 162# (1, 1173, 5)
v 0 3
v 1 18
v 2 5
v 3 2
v 5 100
v 6 5
v 7 0
v 9 0
e 0 1 0 
e 1 0 0 
e 1 2 0 
e 2 1 0 
e 2 5 0 
e 2 6 0 
e 3 7 0 
e 5 2 0 
e 5 7 0 
e 6 2 0 
e 6 9 0 
e 7 3 0 
e 7 5 0 
e 9 6 0 
t # 163# (1, 1173, 6)
v 0 3
v 1 18
v 2 5
v 4 2
v 5 0
v 6 105
v 7 0
v 8 0
v 9 0
e 0 1 0 
e 1 0 0 
e 1 2 0 
e 2 1 0 
e 2 5 0 
e 2 6 0 
e 4 8 0 
e 5 2 0 
e 5 7 0 
e 6 2 0 
e 6 9 0 
e 7 5 0 
e 8 4 0 
e 8 9 0 
e 9 6 0 
e 9 8 0 
t # 164# (1, 1200, 0)
v 0 103
v 1 12
e 0 1 0 
e 1 0 0 
t # 165# (1, 1200, 1)
v 0 3
v 1 112
e 0 1 0 
e 1 0 0 
t # 166# (1, 1210, 0)
v 0 105
v 1 0
v 2 0
v 3 0
v 5 0
v 6 2
v 7 0
e 0 1 0 
e 1 0 0 
e 1 2 0 
e 1 6 0 
e 2 1 0 
e 2 3 0 
e 3 2 0 
e 5 6 0 
e 6 1 0 
e 6 5 0 
e 6 7 0 
e 7 6 0 
t # 167# (1, 1213, 4)
v 1 0
v 3 0
v 4 100
v 5 3
v 6 2
e 1 6 0 
e 3 4 0 
e 3 6 0 
e 4 3 0 
e 4 5 0 
e 5 4 0 
e 6 1 0 
e 6 3 0 
t # 168# (1, 1213, 5)
v 3 0
v 4 0
v 5 103
v 6 2
e 3 4 0 
e 3 6 0 
e 4 3 0 
e 4 5 0 
e 5 4 0 
e 6 3 0 
t # 169# (1, 1222, 4)
v 0 1
v 1 0
v 2 0
v 3 2
v 4 105
v 5 0
v 7 2
e 0 1 0 
e 1 0 0 
e 1 2 0 
e 1 3 0 
e 2 1 0 
e 2 4 0 
e 2 5 0 
e 3 1 0 
e 4 2 0 
e 5 2 0 
e 5 7 0 
e 7 5 0 
t # 170# (1, 1288, 3)
v 0 0
v 1 2
v 2 0
v 3 102
v 4 0
v 5 0
v 6 2
v 7 1
v 8 1
v 9 0
e 0 1 0 
e 0 4 0 
e 1 0 0 
e 1 2 0 
e 1 3 0 
e 2 1 0 
e 2 5 0 
e 3 1 0 
e 3 6 0 
e 3 8 0 
e 4 0 0 
e 5 2 0 
e 6 3 0 
e 6 7 0 
e 7 6 0 
e 7 9 0 
e 8 3 0 
e 9 7 0 
t # 171# (1, 1292, 2)
v 0 0
v 1 0
v 2 105
v 3 2
v 4 0
e 0 1 0 
e 1 0 0 
e 1 2 0 
e 1 3 0 
e 2 1 0 
e 3 1 0 
e 3 4 0 
e 4 3 0 
t # 172# (1, 1293, 5)
v 0 2
v 1 0
v 2 2
v 3 6
v 4 2
v 5 100
e 0 1 0 
e 1 0 0 
e 1 2 0 
e 1 3 0 
e 2 1 0 
e 2 4 0 
e 3 1 0 
e 3 5 0 
e 4 2 0 
e 4 5 0 
e 5 3 0 
e 5 4 0 
t # 173# (1, 1297, 6)
v 2 0
v 4 0
v 5 0
v 6 103
e 2 4 0 
e 4 2 0 
e 4 5 0 
e 5 4 0 
e 5 6 0 
e 6 5 0 
t # 174# (1, 1311, 7)
v 2 0
v 3 0
v 4 0
v 6 2
v 7 101
v 8 1
v 9 0
e 2 3 0 
e 3 2 0 
e 3 4 0 
e 3 6 0 
e 3 9 0 
e 4 3 0 
e 6 3 0 
e 6 7 0 
e 6 8 0 
e 7 6 0 
e 8 6 0 
e 9 3 0 
t # 175# (1, 1311, 8)
v 2 0
v 3 0
v 4 0
v 6 2
v 7 1
v 8 101
v 9 0
e 2 3 0 
e 3 2 0 
e 3 4 0 
e 3 6 0 
e 3 9 0 
e 4 3 0 
e 6 3 0 
e 6 7 0 
e 6 8 0 
e 7 6 0 
e 8 6 0 
e 9 3 0 
t # 176# (1, 1333, 0)
v 0 103
v 1 0
v 2 0
v 3 5
v 4 0
v 5 0
v 6 0
e 0 1 0 
e 1 0 0 
e 1 2 0 
e 1 3 0 
e 2 1 0 
e 2 4 0 
e 2 5 0 
e 3 1 0 
e 3 6 0 
e 4 2 0 
e 4 6 0 
e 5 2 0 
e 6 3 0 
e 6 4 0 
t # 177# (1, 1333, 1)
v 0 3
v 1 100
v 2 0
v 3 5
v 4 0
v 5 0
v 6 0
v 7 0
v 8 1
v 9 0
v 10 3
e 0 1 0 
e 1 0 0 
e 1 2 0 
e 1 3 0 
e 2 1 0 
e 2 4 0 
e 2 5 0 
e 3 1 0 
e 3 6 0 
e 4 2 0 
e 4 6 0 
e 4 7 0 
e 5 2 0 
e 5 8 0 
e 5 9 0 
e 6 3 0 
e 6 4 0 
e 6 10 0 
e 7 4 0 
e 7 9 0 
e 8 5 0 
e 9 5 0 
e 9 7 0 
e 10 6 0 
t # 178# (1, 1333, 3)
v 0 3
v 1 0
v 2 0
v 3 105
v 4 0
v 5 0
v 6 0
v 7 0
v 10 3
e 0 1 0 
e 1 0 0 
e 1 2 0 
e 1 3 0 
e 2 1 0 
e 2 4 0 
e 2 5 0 
e 3 1 0 
e 3 6 0 
e 4 2 0 
e 4 6 0 
e 4 7 0 
e 5 2 0 
e 6 3 0 
e 6 4 0 
e 6 10 0 
e 7 4 0 
e 10 6 0 
t # 179# (1, 1333, 6)
v 0 3
v 1 0
v 2 0
v 3 5
v 4 0
v 5 0
v 6 100
v 7 0
v 9 0
v 10 3
e 0 1 0 
e 1 0 0 
e 1 2 0 
e 1 3 0 
e 2 1 0 
e 2 4 0 
e 2 5 0 
e 3 1 0 
e 3 6 0 
e 4 2 0 
e 4 6 0 
e 4 7 0 
e 5 2 0 
e 5 9 0 
e 6 3 0 
e 6 4 0 
e 6 10 0 
e 7 4 0 
e 7 9 0 
e 9 5 0 
e 9 7 0 
e 10 6 0 
t # 180# (1, 1333, 10)
v 1 0
v 2 0
v 3 5
v 4 0
v 6 0
v 7 0
v 10 103
e 1 2 0 
e 1 3 0 
e 2 1 0 
e 2 4 0 
e 3 1 0 
e 3 6 0 
e 4 2 0 
e 4 6 0 
e 4 7 0 
e 6 3 0 
e 6 4 0 
e 6 10 0 
e 7 4 0 
e 10 6 0 
t # 181# (1, 1351, 6)
v 0 2
v 3 0
v 4 0
v 5 2
v 6 105
v 7 2
v 8 0
e 0 3 0 
e 3 0 0 
e 3 4 0 
e 3 5 0 
e 4 3 0 
e 4 6 0 
e 4 7 0 
e 5 3 0 
e 5 8 0 
e 6 4 0 
e 7 4 0 
e 7 8 0 
e 8 5 0 
e 8 7 0 
t # 182# (1, 1396, 0)
v 0 103
v 1 0
v 2 0
v 3 0
v 4 3
v 5 3
v 6 5
v 7 3
v 8 5
e 0 1 0 
e 1 0 0 
e 1 2 0 
e 1 3 0 
e 2 1 0 
e 2 4 0 
e 2 5 0 
e 2 6 0 
e 3 1 0 
e 3 7 0 
e 3 8 0 
e 4 2 0 
e 5 2 0 
e 6 2 0 
e 6 8 0 
e 7 3 0 
e 8 3 0 
e 8 6 0 
t # 183# (1, 1396, 1)
v 0 3
v 1 100
v 2 0
v 3 0
v 4 3
v 5 3
v 6 5
v 7 3
v 8 5
e 0 1 0 
e 1 0 0 
e 1 2 0 
e 1 3 0 
e 2 1 0 
e 2 4 0 
e 2 5 0 
e 2 6 0 
e 3 1 0 
e 3 7 0 
e 3 8 0 
e 4 2 0 
e 5 2 0 
e 6 2 0 
e 6 8 0 
e 7 3 0 
e 8 3 0 
e 8 6 0 
t # 184# (1, 1396, 2)
v 0 3
v 1 0
v 2 100
v 3 0
v 4 3
v 5 3
v 6 5
v 7 3
v 8 5
e 0 1 0 
e 1 0 0 
e 1 2 0 
e 1 3 0 
e 2 1 0 
e 2 4 0 
e 2 5 0 
e 2 6 0 
e 3 1 0 
e 3 7 0 
e 3 8 0 
e 4 2 0 
e 5 2 0 
e 6 2 0 
e 6 8 0 
e 7 3 0 
e 8 3 0 
e 8 6 0 
t # 185# (1, 1396, 3)
v 0 3
v 1 0
v 2 0
v 3 100
v 4 3
v 5 3
v 6 5
v 7 3
v 8 5
e 0 1 0 
e 1 0 0 
e 1 2 0 
e 1 3 0 
e 2 1 0 
e 2 4 0 
e 2 5 0 
e 2 6 0 
e 3 1 0 
e 3 7 0 
e 3 8 0 
e 4 2 0 
e 5 2 0 
e 6 2 0 
e 6 8 0 
e 7 3 0 
e 8 3 0 
e 8 6 0 
t # 186# (1, 1396, 4)
v 0 3
v 1 0
v 2 0
v 3 0
v 4 103
v 5 3
v 6 5
v 8 5
e 0 1 0 
e 1 0 0 
e 1 2 0 
e 1 3 0 
e 2 1 0 
e 2 4 0 
e 2 5 0 
e 2 6 0 
e 3 1 0 
e 3 8 0 
e 4 2 0 
e 5 2 0 
e 6 2 0 
e 6 8 0 
e 8 3 0 
e 8 6 0 
t # 187# (1, 1396, 5)
v 0 3
v 1 0
v 2 0
v 3 0
v 4 3
v 5 103
v 6 5
v 8 5
e 0 1 0 
e 1 0 0 
e 1 2 0 
e 1 3 0 
e 2 1 0 
e 2 4 0 
e 2 5 0 
e 2 6 0 
e 3 1 0 
e 3 8 0 
e 4 2 0 
e 5 2 0 
e 6 2 0 
e 6 8 0 
e 8 3 0 
e 8 6 0 
t # 188# (1, 1396, 7)
v 0 3
v 1 0
v 2 0
v 3 0
v 6 5
v 7 103
v 8 5
e 0 1 0 
e 1 0 0 
e 1 2 0 
e 1 3 0 
e 2 1 0 
e 2 6 0 
e 3 1 0 
e 3 7 0 
e 3 8 0 
e 6 2 0 
e 6 8 0 
e 7 3 0 
e 8 3 0 
e 8 6 0 
t # 189# (1, 1397, 6)
v 0 2
v 3 0
v 4 0
v 5 2
v 6 105
v 7 2
v 8 0
v 9 0
e 0 3 0 
e 3 0 0 
e 3 4 0 
e 3 5 0 
e 4 3 0 
e 4 6 0 
e 4 7 0 
e 5 3 0 
e 5 8 0 
e 6 4 0 
e 7 4 0 
e 7 8 0 
e 7 9 0 
e 8 5 0 
e 8 7 0 
e 9 7 0 
t # 190# (1, 1415, 0)
v 0 100
v 1 0
v 2 2
v 3 1
v 4 0
v 5 0
e 0 1 0 
e 0 2 0 
e 1 0 0 
e 1 2 0 
e 2 0 0 
e 2 1 0 
e 2 3 0 
e 2 4 0 
e 3 2 0 
e 4 2 0 
e 4 5 0 
e 5 4 0 
t # 191# (1, 1415, 1)
v 0 0
v 1 100
v 2 2
v 3 1
v 4 0
v 5 0
e 0 1 0 
e 0 2 0 
e 1 0 0 
e 1 2 0 
e 2 0 0 
e 2 1 0 
e 2 3 0 
e 2 4 0 
e 3 2 0 
e 4 2 0 
e 4 5 0 
e 5 4 0 
t # 192# (1, 1419, 5)
v 0 0
v 1 0
v 3 0
v 4 2
v 5 101
v 6 1
v 7 0
e 0 1 0 
e 0 3 0 
e 0 4 0 
e 0 7 0 
e 1 0 0 
e 3 0 0 
e 4 0 0 
e 4 5 0 
e 4 6 0 
e 5 4 0 
e 6 4 0 
e 7 0 0 
t # 193# (1, 1419, 6)
v 0 0
v 1 0
v 3 0
v 4 2
v 5 1
v 6 101
v 7 0
e 0 1 0 
e 0 3 0 
e 0 4 0 
e 0 7 0 
e 1 0 0 
e 3 0 0 
e 4 0 0 
e 4 5 0 
e 4 6 0 
e 5 4 0 
e 6 4 0 
e 7 0 0 
t # 194# (1, 1421, 1)
v 0 2
v 1 102
v 2 0
v 3 0
v 4 0
v 5 0
v 6 0
v 7 0
v 8 11
v 10 0
v 11 0
e 0 1 0 
e 0 4 0 
e 0 5 0 
e 1 0 0 
e 1 2 0 
e 1 6 0 
e 1 10 0 
e 2 1 0 
e 2 3 0 
e 3 2 0 
e 3 4 0 
e 4 0 0 
e 4 3 0 
e 5 0 0 
e 5 11 0 
e 6 1 0 
e 6 7 0 
e 7 6 0 
e 7 8 0 
e 8 7 0 
e 10 1 0 
e 10 11 0 
e 11 5 0 
e 11 10 0 
t # 195# (1, 1421, 6)
v 0 2
v 1 2
v 2 0
v 3 0
v 4 0
v 5 0
v 6 100
v 7 0
v 8 11
v 10 0
v 11 0
e 0 1 0 
e 0 4 0 
e 0 5 0 
e 1 0 0 
e 1 2 0 
e 1 6 0 
e 1 10 0 
e 2 1 0 
e 2 3 0 
e 3 2 0 
e 3 4 0 
e 4 0 0 
e 4 3 0 
e 5 0 0 
e 5 11 0 
e 6 1 0 
e 6 7 0 
e 7 6 0 
e 7 8 0 
e 8 7 0 
e 10 1 0 
e 10 11 0 
e 11 5 0 
e 11 10 0 
t # 196# (1, 1426, 0)
v 0 100
v 1 0
v 2 2
v 3 0
v 4 0
e 0 1 0 
e 0 2 0 
e 1 0 0 
e 1 2 0 
e 2 0 0 
e 2 1 0 
e 2 3 0 
e 3 2 0 
e 3 4 0 
e 4 3 0 
t # 197# (1, 1426, 1)
v 0 0
v 1 100
v 2 2
v 3 0
v 4 0
e 0 1 0 
e 0 2 0 
e 1 0 0 
e 1 2 0 
e 2 0 0 
e 2 1 0 
e 2 3 0 
e 3 2 0 
e 3 4 0 
e 4 3 0 
t # 198# (1, 1432, 0)
v 0 105
v 1 0
v 2 0
v 3 0
v 4 0
v 5 0
v 6 2
e 0 1 0 
e 1 0 0 
e 1 2 0 
e 1 3 0 
e 2 1 0 
e 2 4 0 
e 2 5 0 
e 3 1 0 
e 3 6 0 
e 4 2 0 
e 5 2 0 
e 6 3 0 
t # 199# (1, 1442, 9)
v 8 0
v 9 103
v 6 0
v 7 0
e 8 7 0 
e 8 9 0 
e 9 8 0 
e 6 7 0 
e 7 8 0 
e 7 6 0 
t # 200# (1, 1444, 6)
v 0 2
v 1 0
v 2 0
v 3 2
v 6 100
v 9 3
e 0 1 0 
e 0 2 0 
e 0 3 0 
e 1 0 0 
e 2 0 0 
e 2 6 0 
e 3 0 0 
e 6 2 0 
e 6 9 0 
e 9 6 0 
t # 201# (1, 1444, 9)
v 0 2
v 9 103
v 2 0
v 6 0
e 0 2 0 
e 9 6 0 
e 2 0 0 
e 2 6 0 
e 6 9 0 
e 6 2 0 
t # 202# (1, 1444, 10)
v 1 0
v 4 2
v 8 0
v 10 100
v 11 3
e 1 4 0 
e 4 1 0 
e 4 8 0 
e 8 4 0 
e 8 10 0 
e 10 8 0 
e 10 11 0 
e 11 10 0 
t # 203# (1, 1444, 11)
v 8 0
v 10 0
v 11 103
v 4 2
e 8 4 0 
e 8 10 0 
e 10 8 0 
e 10 11 0 
e 11 10 0 
e 4 8 0 
t # 204# (1, 1448, 1)
v 0 0
v 1 100
v 2 11
v 3 2
v 4 0
v 5 0
v 6 0
v 7 0
e 0 1 0 
e 1 0 0 
e 1 2 0 
e 1 3 0 
e 2 1 0 
e 3 1 0 
e 3 4 0 
e 3 6 0 
e 4 3 0 
e 4 5 0 
e 5 4 0 
e 6 3 0 
e 6 7 0 
e 7 6 0 
t # 205# (1, 1461, 8)
v 1 2
v 2 0
v 3 0
v 4 0
v 5 2
v 6 2
v 8 105
v 10 0
e 1 2 0 
e 2 1 0 
e 2 3 0 
e 2 4 0 
e 3 2 0 
e 4 2 0 
e 4 5 0 
e 4 8 0 
e 5 4 0 
e 5 6 0 
e 5 10 0 
e 6 5 0 
e 8 4 0 
e 10 5 0 
t # 206# (1, 1477, 5)
v 1 0
v 2 1
v 3 1
v 4 0
v 5 102
v 6 1
v 7 1
v 8 0
v 9 1
v 10 0
e 1 2 0 
e 1 3 0 
e 1 4 0 
e 2 1 0 
e 3 1 0 
e 4 1 0 
e 4 5 0 
e 4 8 0 
e 5 4 0 
e 5 6 0 
e 5 7 0 
e 6 5 0 
e 7 5 0 
e 8 4 0 
e 8 9 0 
e 8 10 0 
e 9 8 0 
e 10 8 0 
t # 207# (1, 1478, 4)
v 0 0
v 1 1
v 2 0
v 3 2
v 4 105
v 5 0
v 6 0
v 7 0
v 8 0
v 10 0
e 0 1 0 
e 0 2 0 
e 1 0 0 
e 2 0 0 
e 2 3 0 
e 2 4 0 
e 3 2 0 
e 3 5 0 
e 4 2 0 
e 4 6 0 
e 5 3 0 
e 5 6 0 
e 5 7 0 
e 6 4 0 
e 6 5 0 
e 6 8 0 
e 7 5 0 
e 8 6 0 
e 8 10 0 
e 10 8 0 
t # 208# (1, 1485, 5)
v 0 2
v 1 0
v 2 0
v 3 0
v 4 0
v 5 102
v 6 1
v 7 2
v 8 1
v 9 0
e 0 1 0 
e 0 3 0 
e 0 5 0 
e 1 0 0 
e 1 2 0 
e 2 1 0 
e 3 0 0 
e 3 4 0 
e 4 3 0 
e 5 0 0 
e 5 6 0 
e 5 7 0 
e 6 5 0 
e 7 5 0 
e 7 8 0 
e 8 7 0 
e 8 9 0 
e 9 8 0 
t # 209# (1, 1485, 8)
v 0 2
v 5 2
v 6 1
v 7 2
v 8 101
v 9 0
v 10 1
v 11 0
e 0 5 0 
e 5 0 0 
e 5 6 0 
e 5 7 0 
e 6 5 0 
e 7 5 0 
e 7 8 0 
e 8 7 0 
e 8 9 0 
e 9 8 0 
e 9 10 0 
e 10 9 0 
e 10 11 0 
e 11 10 0 
t # 210# (1, 1486, 1)
v 0 2
v 1 100
v 2 0
v 3 0
v 4 1
v 5 1
v 6 1
v 7 3
v 8 3
v 9 3
e 0 1 0 
e 0 2 0 
e 1 0 0 
e 1 3 0 
e 1 4 0 
e 2 0 0 
e 2 5 0 
e 2 6 0 
e 3 1 0 
e 3 7 0 
e 3 8 0 
e 3 9 0 
e 4 1 0 
e 5 2 0 
e 6 2 0 
e 7 3 0 
e 8 3 0 
e 9 3 0 
t # 211# (1, 1512, 2)
v 0 0
v 1 2
v 2 100
v 3 2
v 4 3
v 5 3
v 6 3
e 0 1 0 
e 0 2 0 
e 1 0 0 
e 1 3 0 
e 2 0 0 
e 2 4 0 
e 2 5 0 
e 2 6 0 
e 3 1 0 
e 4 2 0 
e 5 2 0 
e 6 2 0 
t # 212# (1, 1512, 4)
v 0 0
v 1 2
v 2 0
v 4 103
v 5 3
v 6 3
e 0 1 0 
e 0 2 0 
e 1 0 0 
e 2 0 0 
e 2 4 0 
e 2 5 0 
e 2 6 0 
e 4 2 0 
e 5 2 0 
e 6 2 0 
t # 213# (1, 1512, 5)
v 0 0
v 1 2
v 2 0
v 4 3
v 5 103
v 6 3
e 0 1 0 
e 0 2 0 
e 1 0 0 
e 2 0 0 
e 2 4 0 
e 2 5 0 
e 2 6 0 
e 4 2 0 
e 5 2 0 
e 6 2 0 
t # 214# (1, 1512, 6)
v 0 0
v 1 2
v 2 0
v 4 3
v 5 3
v 6 103
e 0 1 0 
e 0 2 0 
e 1 0 0 
e 2 0 0 
e 2 4 0 
e 2 5 0 
e 2 6 0 
e 4 2 0 
e 5 2 0 
e 6 2 0 
t # 215# (1, 1520, 3)
v 0 0
v 1 0
v 2 0
v 3 105
v 4 2
v 5 1
v 6 0
e 0 1 0 
e 1 0 0 
e 1 2 0 
e 2 1 0 
e 2 3 0 
e 2 4 0 
e 3 2 0 
e 4 2 0 
e 4 5 0 
e 4 6 0 
e 5 4 0 
e 6 4 0 
t # 216# (1, 1535, 7)
v 4 0
v 5 0
v 6 0
v 7 103
e 4 5 0 
e 5 4 0 
e 5 6 0 
e 6 5 0 
e 6 7 0 
e 7 6 0 
t # 217# (1, 1546, 6)
v 0 0
v 1 0
v 3 0
v 4 0
v 5 0
v 6 100
v 7 0
v 8 1
v 9 3
v 10 3
v 11 0
e 0 1 0 
e 0 5 0 
e 1 0 0 
e 3 4 0 
e 4 3 0 
e 4 5 0 
e 4 7 0 
e 5 0 0 
e 5 4 0 
e 5 6 0 
e 5 11 0 
e 6 5 0 
e 6 7 0 
e 6 9 0 
e 6 10 0 
e 7 4 0 
e 7 6 0 
e 7 8 0 
e 8 7 0 
e 9 6 0 
e 10 6 0 
e 11 5 0 
t # 218# (1, 1557, 8)
v 0 0
v 1 0
v 2 0
v 4 0
v 7 1
v 8 100
v 9 3
e 0 1 0 
e 0 7 0 
e 0 8 0 
e 1 0 0 
e 1 2 0 
e 2 1 0 
e 4 7 0 
e 7 0 0 
e 7 4 0 
e 8 0 0 
e 8 9 0 
e 9 8 0 
t # 219# (1, 1587, 1)
v 0 0
v 1 100
v 2 0
v 3 0
v 4 7
v 5 0
v 8 3
v 9 0
v 10 3
e 0 1 0 
e 0 2 0 
e 0 5 0 
e 1 0 0 
e 1 2 0 
e 1 8 0 
e 1 10 0 
e 2 0 0 
e 2 1 0 
e 2 3 0 
e 2 9 0 
e 3 2 0 
e 3 4 0 
e 4 3 0 
e 4 5 0 
e 5 0 0 
e 5 4 0 
e 8 1 0 
e 9 2 0 
e 10 1 0 
t # 220# (1, 1590, 0)
v 0 105
v 1 0
v 2 0
v 3 2
v 4 0
v 5 2
v 6 0
e 0 1 0 
e 1 0 0 
e 1 2 0 
e 1 3 0 
e 2 1 0 
e 2 4 0 
e 2 5 0 
e 3 1 0 
e 3 6 0 
e 4 2 0 
e 5 2 0 
e 6 3 0 
t # 221# (1, 1603, 9)
v 0 0
v 1 2
v 2 0
v 3 0
v 4 0
v 6 2
v 7 1
v 8 11
v 9 102
e 0 1 0 
e 0 8 0 
e 0 9 0 
e 1 0 0 
e 1 2 0 
e 2 1 0 
e 2 3 0 
e 3 2 0 
e 3 4 0 
e 3 6 0 
e 4 3 0 
e 4 7 0 
e 4 9 0 
e 6 3 0 
e 7 4 0 
e 8 0 0 
e 9 0 0 
e 9 4 0 
t # 222# (1, 1610, 0)
v 0 103
v 1 0
v 2 0
v 3 2
e 0 1 0 
e 1 0 0 
e 1 2 0 
e 2 1 0 
e 2 3 0 
e 3 2 0 
t # 223# (1, 1610, 1)
v 0 3
v 1 100
v 2 0
v 3 2
v 4 0
e 0 1 0 
e 1 0 0 
e 1 2 0 
e 2 1 0 
e 2 3 0 
e 3 2 0 
e 3 4 0 
e 4 3 0 
t # 224# (1, 1618, 1)
v 0 2
v 1 100
v 2 0
v 3 2
v 4 0
v 5 0
v 6 0
v 7 1
v 8 0
v 9 0
e 0 1 0 
e 0 5 0 
e 0 6 0 
e 1 0 0 
e 1 2 0 
e 2 1 0 
e 2 3 0 
e 3 2 0 
e 3 4 0 
e 3 9 0 
e 4 3 0 
e 4 5 0 
e 5 0 0 
e 5 4 0 
e 6 0 0 
e 6 7 0 
e 6 8 0 
e 7 6 0 
e 8 6 0 
e 9 3 0 
t # 225# (1, 1618, 5)
v 0 2
v 1 0
v 2 0
v 3 2
v 4 0
v 5 100
v 6 0
v 7 1
v 8 0
v 9 0
e 0 1 0 
e 0 5 0 
e 0 6 0 
e 1 0 0 
e 1 2 0 
e 2 1 0 
e 2 3 0 
e 3 2 0 
e 3 4 0 
e 3 9 0 
e 4 3 0 
e 4 5 0 
e 5 0 0 
e 5 4 0 
e 6 0 0 
e 6 7 0 
e 6 8 0 
e 7 6 0 
e 8 6 0 
e 9 3 0 
t # 226# (1, 1652, 0)
v 0 100
v 1 0
v 2 5
v 3 3
v 4 3
v 5 3
v 6 3
v 7 1
e 0 1 0 
e 0 2 0 
e 0 3 0 
e 1 0 0 
e 1 4 0 
e 1 5 0 
e 2 0 0 
e 2 6 0 
e 2 7 0 
e 3 0 0 
e 4 1 0 
e 5 1 0 
e 6 2 0 
e 7 2 0 
t # 227# (1, 1652, 3)
v 0 0
v 1 0
v 2 5
v 3 103
v 4 3
v 5 3
v 6 3
v 7 1
e 0 1 0 
e 0 2 0 
e 0 3 0 
e 1 0 0 
e 1 4 0 
e 1 5 0 
e 2 0 0 
e 2 6 0 
e 2 7 0 
e 3 0 0 
e 4 1 0 
e 5 1 0 
e 6 2 0 
e 7 2 0 
t # 228# (1, 1681, 6)
v 0 0
v 1 5
v 2 0
v 6 100
v 7 1
v 8 3
e 0 1 0 
e 0 2 0 
e 1 0 0 
e 2 0 0 
e 2 6 0 
e 2 7 0 
e 6 2 0 
e 6 8 0 
e 7 2 0 
e 8 6 0 
t # 229# (1, 1701, 4)
v 0 0
v 1 5
v 2 5
v 3 2
v 4 100
v 5 0
v 6 0
v 7 0
v 8 2
e 0 1 0 
e 0 2 0 
e 0 3 0 
e 1 0 0 
e 2 0 0 
e 3 0 0 
e 3 4 0 
e 3 5 0 
e 4 3 0 
e 4 6 0 
e 5 3 0 
e 5 7 0 
e 6 4 0 
e 6 8 0 
e 7 5 0 
e 7 8 0 
e 8 6 0 
e 8 7 0 
t # 230# (1, 1701, 5)
v 0 0
v 1 5
v 2 5
v 3 2
v 4 0
v 5 100
v 6 0
v 7 0
v 8 2
e 0 1 0 
e 0 2 0 
e 0 3 0 
e 1 0 0 
e 2 0 0 
e 3 0 0 
e 3 4 0 
e 3 5 0 
e 4 3 0 
e 4 6 0 
e 5 3 0 
e 5 7 0 
e 6 4 0 
e 6 8 0 
e 7 5 0 
e 7 8 0 
e 8 6 0 
e 8 7 0 
t # 231# (1, 1701, 6)
v 0 0
v 3 2
v 4 0
v 5 0
v 6 100
v 7 0
v 8 2
e 0 3 0 
e 3 0 0 
e 3 4 0 
e 3 5 0 
e 4 3 0 
e 4 6 0 
e 5 3 0 
e 5 7 0 
e 6 4 0 
e 6 8 0 
e 7 5 0 
e 7 8 0 
e 8 6 0 
e 8 7 0 
t # 232# (1, 1701, 7)
v 0 0
v 3 2
v 4 0
v 5 0
v 6 0
v 7 100
v 8 2
e 0 3 0 
e 3 0 0 
e 3 4 0 
e 3 5 0 
e 4 3 0 
e 4 6 0 
e 5 3 0 
e 5 7 0 
e 6 4 0 
e 6 8 0 
e 7 5 0 
e 7 8 0 
e 8 6 0 
e 8 7 0 
t # 233# (1, 1701, 8)
v 3 2
v 4 0
v 5 0
v 6 0
v 7 0
v 8 102
e 3 4 0 
e 3 5 0 
e 4 3 0 
e 4 6 0 
e 5 3 0 
e 5 7 0 
e 6 4 0 
e 6 8 0 
e 7 5 0 
e 7 8 0 
e 8 6 0 
e 8 7 0 
t # 234# (0, 1711, 24)
v 13 0
v 15 0
v 16 0
v 17 0
v 18 0
v 20 5
v 24 105
e 13 18 0 
e 15 16 0 
e 16 15 0 
e 16 17 0 
e 16 20 0 
e 17 16 0 
e 17 18 0 
e 17 24 0 
e 18 13 0 
e 18 17 0 
e 20 16 0 
e 24 17 0 
t # 235# (1, 1714, 8)
v 0 2
v 2 2
v 3 0
v 4 0
v 5 0
v 7 1
v 8 100
v 9 3
e 0 5 0 
e 2 3 0 
e 3 2 0 
e 3 4 0 
e 3 7 0 
e 4 3 0 
e 4 5 0 
e 4 8 0 
e 5 0 0 
e 5 4 0 
e 7 3 0 
e 8 4 0 
e 8 9 0 
e 9 8 0 
t # 236# (1, 1714, 9)
v 3 0
v 4 0
v 5 0
v 8 0
v 9 103
e 3 4 0 
e 4 3 0 
e 4 5 0 
e 4 8 0 
e 5 4 0 
e 8 4 0 
e 8 9 0 
e 9 8 0 
t # 237# (1, 1740, 0)
v 0 103
v 1 0
v 2 0
v 3 2
v 4 0
v 5 0
v 6 0
v 7 6
e 0 1 0 
e 1 0 0 
e 1 2 0 
e 1 3 0 
e 2 1 0 
e 2 4 0 
e 2 5 0 
e 3 1 0 
e 3 6 0 
e 3 7 0 
e 4 2 0 
e 4 7 0 
e 5 2 0 
e 6 3 0 
e 7 3 0 
e 7 4 0 
t # 238# (1, 1740, 1)
v 0 3
v 1 100
v 2 0
v 3 2
v 4 0
v 5 0
v 6 0
v 7 6
v 8 0
v 9 0
e 0 1 0 
e 1 0 0 
e 1 2 0 
e 1 3 0 
e 2 1 0 
e 2 4 0 
e 2 5 0 
e 3 1 0 
e 3 6 0 
e 3 7 0 
e 4 2 0 
e 4 7 0 
e 4 8 0 
e 5 2 0 
e 5 9 0 
e 6 3 0 
e 7 3 0 
e 7 4 0 
e 8 4 0 
e 9 5 0 
t # 239# (1, 1740, 2)
v 0 3
v 1 0
v 2 100
v 3 2
v 4 0
v 5 0
v 6 0
v 7 6
v 8 0
v 9 0
v 10 0
e 0 1 0 
e 1 0 0 
e 1 2 0 
e 1 3 0 
e 2 1 0 
e 2 4 0 
e 2 5 0 
e 3 1 0 
e 3 6 0 
e 3 7 0 
e 4 2 0 
e 4 7 0 
e 4 8 0 
e 5 2 0 
e 5 9 0 
e 6 3 0 
e 7 3 0 
e 7 4 0 
e 8 4 0 
e 8 10 0 
e 9 5 0 
e 9 10 0 
e 10 8 0 
e 10 9 0 
t # 240# (1, 1740, 6)
v 0 3
v 1 0
v 2 0
v 3 2
v 4 0
v 6 100
v 7 6
e 0 1 0 
e 1 0 0 
e 1 2 0 
e 1 3 0 
e 2 1 0 
e 2 4 0 
e 3 1 0 
e 3 6 0 
e 3 7 0 
e 4 2 0 
e 4 7 0 
e 6 3 0 
e 7 3 0 
e 7 4 0 
t # 241# (1, 1740, 7)
v 0 3
v 1 0
v 2 0
v 3 2
v 4 0
v 5 0
v 6 0
v 7 106
v 8 0
v 10 0
e 0 1 0 
e 1 0 0 
e 1 2 0 
e 1 3 0 
e 2 1 0 
e 2 4 0 
e 2 5 0 
e 3 1 0 
e 3 6 0 
e 3 7 0 
e 4 2 0 
e 4 7 0 
e 4 8 0 
e 5 2 0 
e 6 3 0 
e 7 3 0 
e 7 4 0 
e 8 4 0 
e 8 10 0 
e 10 8 0 
t # 242# (1, 1742, 3)
v 0 0
v 1 2
v 2 0
v 3 102
v 4 0
v 5 0
v 6 2
v 7 1
v 8 1
e 0 1 0 
e 0 4 0 
e 1 0 0 
e 1 2 0 
e 1 3 0 
e 2 1 0 
e 2 5 0 
e 3 1 0 
e 3 6 0 
e 3 8 0 
e 4 0 0 
e 5 2 0 
e 6 3 0 
e 6 7 0 
e 7 6 0 
e 8 3 0 
t # 243# (1, 1742, 7)
v 1 2
v 3 2
v 6 2
v 7 101
v 8 1
e 1 3 0 
e 3 1 0 
e 3 6 0 
e 3 8 0 
e 6 3 0 
e 6 7 0 
e 7 6 0 
e 8 3 0 
t # 244# (1, 1752, 0)
v 0 100
v 1 0
v 2 2
v 3 0
v 4 0
v 5 2
v 6 5
e 0 1 0 
e 0 5 0 
e 0 6 0 
e 1 0 0 
e 1 2 0 
e 2 1 0 
e 2 3 0 
e 3 2 0 
e 3 4 0 
e 4 3 0 
e 4 5 0 
e 5 0 0 
e 5 4 0 
e 6 0 0 
t # 245# (1, 1752, 3)
v 0 0
v 1 0
v 2 2
v 3 100
v 4 0
v 5 2
v 7 5
e 0 1 0 
e 0 5 0 
e 1 0 0 
e 1 2 0 
e 2 1 0 
e 2 3 0 
e 3 2 0 
e 3 4 0 
e 3 7 0 
e 4 3 0 
e 4 5 0 
e 5 0 0 
e 5 4 0 
e 7 3 0 
t # 246# (1, 1752, 6)
v 0 0
v 1 0
v 2 2
v 4 0
v 5 2
v 6 105
e 0 1 0 
e 0 5 0 
e 0 6 0 
e 1 0 0 
e 1 2 0 
e 2 1 0 
e 4 5 0 
e 5 0 0 
e 5 4 0 
e 6 0 0 
t # 247# (1, 1752, 7)
v 1 0
v 2 2
v 3 0
v 4 0
v 5 2
v 7 105
e 1 2 0 
e 2 1 0 
e 2 3 0 
e 3 2 0 
e 3 4 0 
e 3 7 0 
e 4 3 0 
e 4 5 0 
e 5 4 0 
e 7 3 0 
t # 248# (1, 1758, 9)
v 0 2
v 2 2
v 3 0
v 4 0
v 5 0
v 7 1
v 8 0
v 9 100
v 10 3
e 0 5 0 
e 2 3 0 
e 3 2 0 
e 3 4 0 
e 3 7 0 
e 4 3 0 
e 4 5 0 
e 4 9 0 
e 5 0 0 
e 5 4 0 
e 5 8 0 
e 7 3 0 
e 8 5 0 
e 9 4 0 
e 9 10 0 
e 10 9 0 
t # 249# (1, 1758, 10)
v 3 0
v 4 0
v 5 0
v 9 0
v 10 103
e 3 4 0 
e 4 3 0 
e 4 5 0 
e 4 9 0 
e 5 4 0 
e 9 4 0 
e 9 10 0 
e 10 9 0 
t # 250# (1, 1768, 0)
v 0 100
v 1 0
v 2 0
v 3 7
v 4 0
v 5 0
v 6 3
v 7 3
v 11 0
e 0 1 0 
e 0 5 0 
e 0 6 0 
e 0 7 0 
e 1 0 0 
e 1 2 0 
e 1 5 0 
e 2 1 0 
e 2 3 0 
e 3 2 0 
e 3 4 0 
e 4 3 0 
e 4 5 0 
e 5 0 0 
e 5 1 0 
e 5 4 0 
e 5 11 0 
e 6 0 0 
e 7 0 0 
e 11 5 0 
t # 251# (1, 1771, 2)
v 0 0
v 1 0
v 2 102
v 3 1
v 4 0
v 5 0
v 6 0
v 7 0
v 8 0
v 9 1
v 10 0
e 0 1 0 
e 0 2 0 
e 1 0 0 
e 1 3 0 
e 2 0 0 
e 2 4 0 
e 2 5 0 
e 3 1 0 
e 4 2 0 
e 4 6 0 
e 5 2 0 
e 5 7 0 
e 6 4 0 
e 6 8 0 
e 6 9 0 
e 7 5 0 
e 7 9 0 
e 7 10 0 
e 8 6 0 
e 9 6 0 
e 9 7 0 
e 10 7 0 
t # 252# (1, 1771, 4)
v 0 0
v 1 0
v 2 2
v 4 100
v 5 0
v 6 0
v 7 0
v 8 0
v 9 1
e 0 1 0 
e 0 2 0 
e 1 0 0 
e 2 0 0 
e 2 4 0 
e 2 5 0 
e 4 2 0 
e 4 6 0 
e 5 2 0 
e 5 7 0 
e 6 4 0 
e 6 8 0 
e 6 9 0 
e 7 5 0 
e 7 9 0 
e 8 6 0 
e 9 6 0 
e 9 7 0 
t # 253# (1, 1771, 5)
v 0 0
v 1 0
v 2 2
v 4 0
v 5 100
v 6 0
v 7 0
v 9 1
v 10 0
e 0 1 0 
e 0 2 0 
e 1 0 0 
e 2 0 0 
e 2 4 0 
e 2 5 0 
e 4 2 0 
e 4 6 0 
e 5 2 0 
e 5 7 0 
e 6 4 0 
e 6 9 0 
e 7 5 0 
e 7 9 0 
e 7 10 0 
e 9 6 0 
e 9 7 0 
e 10 7 0 
t # 254# (1, 1771, 6)
v 0 0
v 2 2
v 4 0
v 5 0
v 6 100
v 7 0
v 8 0
v 9 1
v 10 0
e 0 2 0 
e 2 0 0 
e 2 4 0 
e 2 5 0 
e 4 2 0 
e 4 6 0 
e 5 2 0 
e 5 7 0 
e 6 4 0 
e 6 8 0 
e 6 9 0 
e 7 5 0 
e 7 9 0 
e 7 10 0 
e 8 6 0 
e 9 6 0 
e 9 7 0 
e 10 7 0 
t # 255# (1, 1771, 7)
v 0 0
v 2 2
v 4 0
v 5 0
v 6 0
v 7 100
v 8 0
v 9 1
v 10 0
e 0 2 0 
e 2 0 0 
e 2 4 0 
e 2 5 0 
e 4 2 0 
e 4 6 0 
e 5 2 0 
e 5 7 0 
e 6 4 0 
e 6 8 0 
e 6 9 0 
e 7 5 0 
e 7 9 0 
e 7 10 0 
e 8 6 0 
e 9 6 0 
e 9 7 0 
e 10 7 0 
t # 256# (1, 1773, 1)
v 0 0
v 1 103
v 2 0
v 3 0
e 0 1 0 
e 0 2 0 
e 1 0 0 
e 2 0 0 
e 2 3 0 
e 3 2 0 
t # 257# (1, 1774, 3)
v 0 3
v 1 0
v 2 3
v 3 100
v 4 3
v 5 0
v 6 2
v 7 0
v 8 3
v 9 1
v 10 3
e 0 1 0 
e 1 0 0 
e 1 2 0 
e 1 3 0 
e 2 1 0 
e 3 1 0 
e 3 4 0 
e 3 5 0 
e 4 3 0 
e 5 3 0 
e 5 6 0 
e 5 7 0 
e 6 5 0 
e 6 9 0 
e 7 5 0 
e 7 8 0 
e 7 10 0 
e 8 7 0 
e 9 6 0 
e 10 7 0 
t # 258# (1, 1774, 5)
v 0 3
v 1 0
v 2 3
v 3 0
v 4 3
v 5 100
v 6 2
v 7 0
v 8 3
v 9 1
v 10 3
e 0 1 0 
e 1 0 0 
e 1 2 0 
e 1 3 0 
e 2 1 0 
e 3 1 0 
e 3 4 0 
e 3 5 0 
e 4 3 0 
e 5 3 0 
e 5 6 0 
e 5 7 0 
e 6 5 0 
e 6 9 0 
e 7 5 0 
e 7 8 0 
e 7 10 0 
e 8 7 0 
e 9 6 0 
e 10 7 0 
t # 259# (1, 1774, 7)
v 1 0
v 3 0
v 4 3
v 5 0
v 6 2
v 7 100
v 8 3
v 9 1
v 10 3
e 1 3 0 
e 3 1 0 
e 3 4 0 
e 3 5 0 
e 4 3 0 
e 5 3 0 
e 5 6 0 
e 5 7 0 
e 6 5 0 
e 6 9 0 
e 7 5 0 
e 7 8 0 
e 7 10 0 
e 8 7 0 
e 9 6 0 
e 10 7 0 
t # 260# (1, 1776, 6)
v 2 0
v 4 2
v 5 2
v 6 101
v 7 1
e 2 4 0 
e 4 2 0 
e 4 5 0 
e 4 7 0 
e 5 4 0 
e 5 6 0 
e 6 5 0 
e 7 4 0 
t # 261# (1, 1800, 0)
v 0 100
v 1 0
v 2 5
v 3 2
v 4 5
v 5 3
v 6 3
v 7 3
e 0 1 0 
e 0 2 0 
e 0 5 0 
e 0 6 0 
e 1 0 0 
e 1 3 0 
e 1 7 0 
e 2 0 0 
e 2 4 0 
e 3 1 0 
e 3 4 0 
e 4 2 0 
e 4 3 0 
e 5 0 0 
e 6 0 0 
e 7 1 0 
t # 262# (1, 1800, 5)
v 0 0
v 1 0
v 2 5
v 3 2
v 4 5
v 5 103
v 6 3
v 7 3
e 0 1 0 
e 0 2 0 
e 0 5 0 
e 0 6 0 
e 1 0 0 
e 1 3 0 
e 1 7 0 
e 2 0 0 
e 2 4 0 
e 3 1 0 
e 3 4 0 
e 4 2 0 
e 4 3 0 
e 5 0 0 
e 6 0 0 
e 7 1 0 
t # 263# (1, 1800, 6)
v 0 0
v 1 0
v 2 5
v 3 2
v 4 5
v 5 3
v 6 103
v 7 3
e 0 1 0 
e 0 2 0 
e 0 5 0 
e 0 6 0 
e 1 0 0 
e 1 3 0 
e 1 7 0 
e 2 0 0 
e 2 4 0 
e 3 1 0 
e 3 4 0 
e 4 2 0 
e 4 3 0 
e 5 0 0 
e 6 0 0 
e 7 1 0 
t # 264# (1, 1810, 0)
v 0 105
v 1 0
v 2 0
v 3 0
v 4 2
v 5 0
v 6 5
v 7 2
e 0 1 0 
e 1 0 0 
e 1 2 0 
e 1 3 0 
e 2 1 0 
e 2 4 0 
e 2 5 0 
e 3 1 0 
e 3 6 0 
e 3 7 0 
e 4 2 0 
e 5 2 0 
e 6 3 0 
e 7 3 0 
t # 265# (1, 1833, 1)
v 0 11
v 1 100
v 2 0
v 3 0
v 4 0
v 5 2
v 6 0
v 9 0
v 10 0
e 0 1 0 
e 1 0 0 
e 1 2 0 
e 1 5 0 
e 2 1 0 
e 2 3 0 
e 3 2 0 
e 3 4 0 
e 4 3 0 
e 4 5 0 
e 4 6 0 
e 5 1 0 
e 5 4 0 
e 5 10 0 
e 6 4 0 
e 9 10 0 
e 10 5 0 
e 10 9 0 
t # 266# (1, 1833, 5)
v 0 11
v 1 0
v 2 0
v 3 0
v 4 0
v 5 102
v 6 0
v 7 1
v 8 2
v 9 0
v 10 0
e 0 1 0 
e 1 0 0 
e 1 2 0 
e 1 5 0 
e 2 1 0 
e 2 3 0 
e 3 2 0 
e 3 4 0 
e 4 3 0 
e 4 5 0 
e 4 6 0 
e 5 1 0 
e 5 4 0 
e 5 10 0 
e 6 4 0 
e 6 7 0 
e 6 8 0 
e 7 6 0 
e 8 6 0 
e 8 9 0 
e 9 8 0 
e 9 10 0 
e 10 5 0 
e 10 9 0 
t # 267# (1, 1833, 10)
v 0 11
v 1 0
v 2 0
v 3 0
v 4 0
v 5 2
v 6 0
v 8 2
v 9 0
v 10 100
v 11 0
e 0 1 0 
e 1 0 0 
e 1 2 0 
e 1 5 0 
e 2 1 0 
e 2 3 0 
e 3 2 0 
e 3 4 0 
e 4 3 0 
e 4 5 0 
e 4 6 0 
e 5 1 0 
e 5 4 0 
e 5 10 0 
e 6 4 0 
e 6 8 0 
e 8 6 0 
e 8 9 0 
e 8 11 0 
e 9 8 0 
e 9 10 0 
e 10 5 0 
e 10 9 0 
e 11 8 0 
t # 268# (0, 1836, 5)
v 0 5
v 1 0
v 2 0
v 3 0
v 4 0
v 5 100
v 6 5
v 7 2
v 8 0
v 9 0
v 10 0
v 25 0
e 0 1 0 
e 0 4 0 
e 1 0 0 
e 1 2 0 
e 2 1 0 
e 2 3 0 
e 3 2 0 
e 3 4 0 
e 3 25 0 
e 4 0 0 
e 4 3 0 
e 4 5 0 
e 5 4 0 
e 5 6 0 
e 5 7 0 
e 6 5 0 
e 7 5 0 
e 7 9 0 
e 8 9 0 
e 9 7 0 
e 9 8 0 
e 9 10 0 
e 10 9 0 
e 25 3 0 
t # 269# (0, 1836, 6)
v 0 5
v 3 0
v 4 0
v 5 0
v 6 105
v 7 2
v 9 0
e 0 4 0 
e 3 4 0 
e 4 0 0 
e 4 3 0 
e 4 5 0 
e 5 4 0 
e 5 6 0 
e 5 7 0 
e 6 5 0 
e 7 5 0 
e 7 9 0 
e 9 7 0 
t # 270# (1, 1886, 1)
v 0 11
v 1 100
v 2 0
v 3 2
v 4 5
v 5 2
e 0 1 0 
e 1 0 0 
e 1 2 0 
e 1 3 0 
e 2 1 0 
e 2 4 0 
e 3 1 0 
e 3 5 0 
e 4 2 0 
e 4 5 0 
e 5 3 0 
e 5 4 0 
t # 271# (1, 1899, 0)
v 0 100
v 1 0
v 2 2
v 3 0
v 11 0
e 0 1 0 
e 0 2 0 
e 1 0 0 
e 1 2 0 
e 2 0 0 
e 2 1 0 
e 2 11 0 
e 3 11 0 
e 11 2 0 
e 11 3 0 
t # 272# (1, 1899, 1)
v 0 0
v 1 100
v 2 2
v 3 0
v 11 0
e 0 1 0 
e 0 2 0 
e 1 0 0 
e 1 2 0 
e 2 0 0 
e 2 1 0 
e 2 11 0 
e 3 11 0 
e 11 2 0 
e 11 3 0 
t # 273# (1, 1907, 0)
v 0 100
v 1 0
v 2 2
v 3 5
v 4 2
v 5 0
v 6 1
v 7 3
v 8 3
e 0 1 0 
e 0 5 0 
e 0 6 0 
e 1 0 0 
e 1 2 0 
e 1 7 0 
e 2 1 0 
e 2 3 0 
e 3 2 0 
e 3 4 0 
e 4 3 0 
e 4 5 0 
e 5 0 0 
e 5 4 0 
e 5 8 0 
e 6 0 0 
e 7 1 0 
e 8 5 0 
t # 274# (1, 1913, 3)
v 0 0
v 1 0
v 2 11
v 3 100
v 4 2
v 5 0
v 6 0
e 0 1 0 
e 1 0 0 
e 1 2 0 
e 1 3 0 
e 2 1 0 
e 3 1 0 
e 3 4 0 
e 4 3 0 
e 4 5 0 
e 5 4 0 
e 5 6 0 
e 6 5 0 
t # 275# (1, 1913, 4)
v 0 0
v 1 0
v 2 11
v 3 0
v 4 102
v 5 0
v 6 0
v 7 11
v 8 0
e 0 1 0 
e 1 0 0 
e 1 2 0 
e 1 3 0 
e 2 1 0 
e 3 1 0 
e 3 4 0 
e 4 3 0 
e 4 5 0 
e 5 4 0 
e 5 6 0 
e 6 5 0 
e 6 7 0 
e 6 8 0 
e 7 6 0 
e 8 6 0 
t # 276# (1, 1913, 5)
v 1 0
v 3 0
v 4 2
v 5 100
v 6 0
v 7 11
v 8 0
e 1 3 0 
e 3 1 0 
e 3 4 0 
e 4 3 0 
e 4 5 0 
e 5 4 0 
e 5 6 0 
e 6 5 0 
e 6 7 0 
e 6 8 0 
e 7 6 0 
e 8 6 0 
t # 277# (0, 1919, 7)
v 0 1
v 2 0
v 3 5
v 4 0
v 5 0
v 6 0
v 7 100
v 8 5
v 9 2
v 10 0
v 11 0
v 12 0
e 0 5 0 
e 2 3 0 
e 3 2 0 
e 3 4 0 
e 4 3 0 
e 4 5 0 
e 4 7 0 
e 5 0 0 
e 5 4 0 
e 5 6 0 
e 6 5 0 
e 7 4 0 
e 7 8 0 
e 7 9 0 
e 8 7 0 
e 9 7 0 
e 9 10 0 
e 10 9 0 
e 10 11 0 
e 10 12 0 
e 11 10 0 
e 12 10 0 
t # 278# (0, 1919, 8)
v 3 5
v 4 0
v 5 0
v 7 0
v 8 105
v 9 2
v 10 0
e 3 4 0 
e 4 3 0 
e 4 5 0 
e 4 7 0 
e 5 4 0 
e 7 4 0 
e 7 8 0 
e 7 9 0 
e 8 7 0 
e 9 7 0 
e 9 10 0 
e 10 9 0 
t # 279# (1, 1924, 3)
v 0 0
v 1 2
v 2 0
v 3 102
v 4 0
v 5 0
v 6 2
v 7 1
v 8 1
v 9 0
e 0 1 0 
e 0 4 0 
e 1 0 0 
e 1 2 0 
e 1 3 0 
e 2 1 0 
e 2 5 0 
e 3 1 0 
e 3 6 0 
e 3 8 0 
e 4 0 0 
e 5 2 0 
e 6 3 0 
e 6 7 0 
e 7 6 0 
e 7 9 0 
e 8 3 0 
e 9 7 0 
t # 280# (1, 1926, 1)
v 0 2
v 1 100
v 2 0
v 3 0
v 4 0
v 5 0
v 6 2
v 7 0
v 9 5
e 0 1 0 
e 0 5 0 
e 1 0 0 
e 1 2 0 
e 2 1 0 
e 2 3 0 
e 2 6 0 
e 3 2 0 
e 3 4 0 
e 3 9 0 
e 4 3 0 
e 4 5 0 
e 5 0 0 
e 5 4 0 
e 6 2 0 
e 6 7 0 
e 7 6 0 
e 9 3 0 
t # 281# (1, 1932, 5)
v 1 2
v 2 2
v 3 1
v 4 2
v 5 101
e 1 2 0 
e 2 1 0 
e 2 3 0 
e 2 4 0 
e 3 2 0 
e 4 2 0 
e 4 5 0 
e 5 4 0 
t # 282# (0, 1939, 23)
v 0 0
v 2 0
v 3 0
v 4 0
v 5 0
v 12 5
v 23 105
e 0 5 0 
e 2 3 0 
e 3 2 0 
e 3 4 0 
e 3 12 0 
e 4 3 0 
e 4 5 0 
e 4 23 0 
e 5 0 0 
e 5 4 0 
e 12 3 0 
e 23 4 0 
t # 283# (1, 1958, 0)
v 0 103
v 1 0
v 2 0
v 3 0
e 0 1 0 
e 1 0 0 
e 1 2 0 
e 2 1 0 
e 2 3 0 
e 3 2 0 
t # 284# (1, 1958, 9)
v 8 0
v 9 103
v 6 0
v 7 0
e 8 7 0 
e 8 9 0 
e 9 8 0 
e 6 7 0 
e 7 8 0 
e 7 6 0 
t # 285# (1, 1981, 3)
v 3 102
v 4 2
v 5 0
v 6 0
v 7 0
v 8 0
e 3 5 0 
e 3 6 0 
e 3 7 0 
e 4 8 0 
e 5 3 0 
e 5 6 0 
e 6 3 0 
e 6 5 0 
e 7 3 0 
e 7 8 0 
e 8 4 0 
e 8 7 0 
t # 286# (1, 1981, 5)
v 3 2
v 5 100
v 6 0
v 7 0
v 8 0
e 3 5 0 
e 3 6 0 
e 3 7 0 
e 5 3 0 
e 5 6 0 
e 6 3 0 
e 6 5 0 
e 7 3 0 
e 7 8 0 
e 8 7 0 
t # 287# (1, 1981, 6)
v 3 2
v 5 0
v 6 100
v 7 0
v 8 0
e 3 5 0 
e 3 6 0 
e 3 7 0 
e 5 3 0 
e 5 6 0 
e 6 3 0 
e 6 5 0 
e 7 3 0 
e 7 8 0 
e 8 7 0 
t # 288# (1, 1991, 2)
v 0 0
v 1 0
v 2 100
v 3 0
v 4 0
v 5 0
v 6 0
v 7 0
v 8 3
v 9 3
e 0 1 0 
e 0 5 0 
e 1 0 0 
e 1 2 0 
e 1 6 0 
e 1 7 0 
e 2 1 0 
e 2 3 0 
e 2 8 0 
e 2 9 0 
e 3 2 0 
e 3 4 0 
e 4 3 0 
e 4 5 0 
e 4 6 0 
e 5 0 0 
e 5 4 0 
e 6 1 0 
e 6 4 0 
e 7 1 0 
e 8 2 0 
e 9 2 0 
t # 289# (1, 1993, 2)
v 0 2
v 1 0
v 2 100
v 3 2
v 4 0
v 5 0
v 6 0
v 7 0
v 8 5
e 0 1 0 
e 0 6 0 
e 0 7 0 
e 1 0 0 
e 1 2 0 
e 2 1 0 
e 2 3 0 
e 2 8 0 
e 3 2 0 
e 3 4 0 
e 4 3 0 
e 4 5 0 
e 5 4 0 
e 5 6 0 
e 6 0 0 
e 6 5 0 
e 7 0 0 
e 8 2 0 
t # 290# (1, 1993, 8)
v 0 2
v 1 0
v 2 0
v 3 2
v 4 0
v 8 105
e 0 1 0 
e 1 0 0 
e 1 2 0 
e 2 1 0 
e 2 3 0 
e 2 8 0 
e 3 2 0 
e 3 4 0 
e 4 3 0 
e 8 2 0 
t # -1