# 59,# 59 9 target:1 c+:162 c-:8 score:27.922119988307635 score+:180.63920852245465 score-:85.70400056220868 nb:4 =l_2c_18 l_2c_15 l_2c_6 l_2c_9 
t # 0# (1, 4, 7)
v 0 0
v 1 0
v 4 0
v 5 1
v 6 2
v 7 102
v 8 2
e 0 1 0 
e 1 0 0 
e 1 4 0 
e 1 8 0 
e 4 1 0 
e 4 5 0 
e 4 7 0 
e 5 4 0 
e 6 7 0 
e 7 4 0 
e 7 6 0 
e 8 1 0 
t # 1# (1, 15, 2)
v 0 0
v 1 0
v 2 102
v 3 0
v 4 2
v 5 2
v 6 1
v 9 1
e 0 1 0 
e 0 2 0 
e 1 0 0 
e 1 3 0 
e 1 4 0 
e 2 0 0 
e 2 5 0 
e 2 6 0 
e 3 1 0 
e 4 1 0 
e 5 2 0 
e 5 9 0 
e 6 2 0 
e 9 5 0 
t # 2# (1, 15, 5)
v 0 0
v 1 0
v 2 2
v 5 102
v 6 1
v 9 1
e 0 1 0 
e 0 2 0 
e 1 0 0 
e 2 0 0 
e 2 5 0 
e 2 6 0 
e 5 2 0 
e 5 9 0 
e 6 2 0 
e 9 5 0 
t # 3# (1, 15, 9)
v 0 0
v 2 2
v 5 2
v 6 1
v 9 101
e 0 2 0 
e 2 0 0 
e 2 5 0 
e 2 6 0 
e 5 2 0 
e 5 9 0 
e 6 2 0 
e 9 5 0 
t # 4# (1, 23, 5)
v 0 0
v 1 0
v 2 0
v 3 0
v 4 0
v 5 100
v 6 30
v 7 1
v 8 1
v 9 1
e 0 1 0 
e 0 5 0 
e 1 0 0 
e 1 2 0 
e 2 1 0 
e 2 3 0 
e 3 2 0 
e 3 4 0 
e 4 3 0 
e 4 5 0 
e 5 0 0 
e 5 4 0 
e 5 6 0 
e 6 5 0 
e 6 7 0 
e 6 8 0 
e 6 9 0 
e 7 6 0 
e 8 6 0 
e 9 6 0 
t # 5# (1, 23, 6)
v 0 0
v 1 0
v 3 0
v 4 0
v 5 0
v 6 130
v 7 1
v 8 1
v 9 1
e 0 1 0 
e 0 5 0 
e 1 0 0 
e 3 4 0 
e 4 3 0 
e 4 5 0 
e 5 0 0 
e 5 4 0 
e 5 6 0 
e 6 5 0 
e 6 7 0 
e 6 8 0 
e 6 9 0 
e 7 6 0 
e 8 6 0 
e 9 6 0 
t # 6# (1, 23, 7)
v 0 0
v 4 0
v 5 0
v 6 30
v 7 101
v 8 1
v 9 1
e 0 5 0 
e 4 5 0 
e 5 0 0 
e 5 4 0 
e 5 6 0 
e 6 5 0 
e 6 7 0 
e 6 8 0 
e 6 9 0 
e 7 6 0 
e 8 6 0 
e 9 6 0 
t # 7# (1, 23, 8)
v 0 0
v 4 0
v 5 0
v 6 30
v 7 1
v 8 101
v 9 1
e 0 5 0 
e 4 5 0 
e 5 0 0 
e 5 4 0 
e 5 6 0 
e 6 5 0 
e 6 7 0 
e 6 8 0 
e 6 9 0 
e 7 6 0 
e 8 6 0 
e 9 6 0 
t # 8# (1, 23, 9)
v 0 0
v 4 0
v 5 0
v 6 30
v 7 1
v 8 1
v 9 101
e 0 5 0 
e 4 5 0 
e 5 0 0 
e 5 4 0 
e 5 6 0 
e 6 5 0 
e 6 7 0 
e 6 8 0 
e 6 9 0 
e 7 6 0 
e 8 6 0 
e 9 6 0 
t # 9# (1, 24, 7)
v 0 0
v 2 2
v 4 0
v 5 2
v 6 2
v 7 102
v 8 2
e 0 2 0 
e 2 0 0 
e 2 4 0 
e 2 5 0 
e 4 2 0 
e 4 6 0 
e 4 7 0 
e 5 2 0 
e 5 8 0 
e 6 4 0 
e 7 4 0 
e 7 8 0 
e 8 5 0 
e 8 7 0 
t # 10# (1, 24, 8)
v 0 0
v 2 2
v 4 0
v 5 2
v 6 2
v 7 2
v 8 102
e 0 2 0 
e 2 0 0 
e 2 4 0 
e 2 5 0 
e 4 2 0 
e 4 6 0 
e 4 7 0 
e 5 2 0 
e 5 8 0 
e 6 4 0 
e 7 4 0 
e 7 8 0 
e 8 5 0 
e 8 7 0 
t # 11# (1, 28, 0)
v 0 102
v 1 1
v 2 1
v 3 0
v 4 0
v 5 0
v 6 0
v 7 0
e 0 1 0 
e 0 2 0 
e 0 3 0 
e 1 0 0 
e 2 0 0 
e 3 0 0 
e 3 4 0 
e 3 5 0 
e 4 3 0 
e 4 6 0 
e 5 3 0 
e 5 7 0 
e 6 4 0 
e 7 5 0 
t # 12# (1, 49, 6)
v 0 0
v 1 0
v 2 0
v 4 2
v 5 0
v 6 102
v 7 1
v 8 1
v 9 1
e 0 1 0 
e 0 5 0 
e 0 6 0 
e 1 0 0 
e 1 2 0 
e 1 9 0 
e 2 1 0 
e 4 5 0 
e 5 0 0 
e 5 4 0 
e 6 0 0 
e 6 7 0 
e 6 8 0 
e 7 6 0 
e 8 6 0 
e 9 1 0 
t # 13# (1, 66, 8)
v 4 0
v 5 2
v 6 2
v 7 2
v 8 102
e 4 5 0 
e 4 6 0 
e 4 7 0 
e 5 4 0 
e 5 8 0 
e 6 4 0 
e 7 4 0 
e 8 5 0 
t # 14# (1, 94, 5)
v 0 0
v 1 0
v 2 0
v 4 0
v 5 102
v 6 2
v 7 1
v 8 0
v 9 2
e 0 1 0 
e 0 5 0 
e 0 8 0 
e 1 0 0 
e 1 2 0 
e 1 6 0 
e 2 1 0 
e 4 8 0 
e 5 0 0 
e 5 7 0 
e 6 1 0 
e 6 7 0 
e 7 5 0 
e 7 6 0 
e 8 0 0 
e 8 4 0 
e 8 9 0 
e 9 8 0 
t # 15# (1, 94, 6)
v 0 0
v 1 0
v 2 0
v 3 0
v 5 2
v 6 102
v 7 1
v 8 0
e 0 1 0 
e 0 5 0 
e 0 8 0 
e 1 0 0 
e 1 2 0 
e 1 6 0 
e 2 1 0 
e 2 3 0 
e 3 2 0 
e 5 0 0 
e 5 7 0 
e 6 1 0 
e 6 7 0 
e 7 5 0 
e 7 6 0 
e 8 0 0 
t # 16# (1, 94, 7)
v 0 0
v 1 0
v 2 0
v 5 2
v 6 2
v 7 101
v 8 0
e 0 1 0 
e 0 5 0 
e 0 8 0 
e 1 0 0 
e 1 2 0 
e 1 6 0 
e 2 1 0 
e 5 0 0 
e 5 7 0 
e 6 1 0 
e 6 7 0 
e 7 5 0 
e 7 6 0 
e 8 0 0 
t # 17# (1, 94, 9)
v 0 0
v 1 0
v 3 0
v 4 0
v 5 2
v 8 0
v 9 102
v 10 1
e 0 1 0 
e 0 5 0 
e 0 8 0 
e 1 0 0 
e 3 4 0 
e 4 3 0 
e 4 8 0 
e 5 0 0 
e 8 0 0 
e 8 4 0 
e 8 9 0 
e 9 8 0 
e 9 10 0 
e 10 9 0 
t # 18# (1, 104, 9)
v 5 0
v 7 0
v 8 1
v 9 102
v 10 1
v 11 1
e 5 7 0 
e 7 5 0 
e 7 8 0 
e 8 7 0 
e 8 9 0 
e 9 8 0 
e 9 10 0 
e 9 11 0 
e 10 9 0 
e 11 9 0 
t # 19# (1, 132, 3)
v 0 2
v 1 0
v 2 2
v 3 102
v 4 2
v 5 0
v 6 2
e 0 1 0 
e 1 0 0 
e 1 2 0 
e 1 3 0 
e 2 1 0 
e 2 4 0 
e 2 5 0 
e 3 1 0 
e 3 6 0 
e 4 2 0 
e 4 6 0 
e 5 2 0 
e 6 3 0 
e 6 4 0 
t # 20# (1, 132, 6)
v 0 2
v 1 0
v 2 2
v 3 2
v 4 2
v 5 0
v 6 102
e 0 1 0 
e 1 0 0 
e 1 2 0 
e 1 3 0 
e 2 1 0 
e 2 4 0 
e 2 5 0 
e 3 1 0 
e 3 6 0 
e 4 2 0 
e 4 6 0 
e 5 2 0 
e 6 3 0 
e 6 4 0 
t # 21# (0, 136, 6)
v 6 101
v 9 13
v 10 0
v 11 0
v 12 0
v 13 0
v 14 0
v 15 0
v 19 1
v 20 0
v 21 0
e 6 9 0 
e 6 21 0 
e 9 6 0 
e 9 10 0 
e 9 11 0 
e 9 12 0 
e 10 9 0 
e 11 9 0 
e 12 9 0 
e 12 13 0 
e 12 14 0 
e 12 15 0 
e 13 12 0 
e 14 12 0 
e 15 12 0 
e 19 20 0 
e 20 19 0 
e 20 21 0 
e 21 6 0 
e 21 20 0 
t # 22# (0, 136, 9)
v 6 1
v 9 113
v 10 0
v 11 0
v 12 0
v 13 0
v 14 0
v 15 0
v 20 0
v 21 0
e 6 9 0 
e 6 21 0 
e 9 6 0 
e 9 10 0 
e 9 11 0 
e 9 12 0 
e 10 9 0 
e 11 9 0 
e 12 9 0 
e 12 13 0 
e 12 14 0 
e 12 15 0 
e 13 12 0 
e 14 12 0 
e 15 12 0 
e 20 21 0 
e 21 6 0 
e 21 20 0 
t # 23# (0, 136, 12)
v 6 1
v 9 13
v 10 0
v 11 0
v 12 100
v 13 0
v 14 0
v 15 0
v 21 0
e 6 9 0 
e 6 21 0 
e 9 6 0 
e 9 10 0 
e 9 11 0 
e 9 12 0 
e 10 9 0 
e 11 9 0 
e 12 9 0 
e 12 13 0 
e 12 14 0 
e 12 15 0 
e 13 12 0 
e 14 12 0 
e 15 12 0 
e 21 6 0 
t # 24# (1, 144, 6)
v 0 0
v 2 2
v 4 0
v 5 0
v 6 102
v 7 0
v 9 2
v 10 1
v 11 1
e 0 2 0 
e 2 0 0 
e 2 4 0 
e 2 5 0 
e 4 2 0 
e 4 6 0 
e 4 7 0 
e 5 2 0 
e 5 9 0 
e 6 4 0 
e 6 10 0 
e 6 11 0 
e 7 4 0 
e 7 9 0 
e 9 5 0 
e 9 7 0 
e 10 6 0 
e 11 6 0 
t # 25# (1, 145, 5)
v 0 0
v 1 0
v 2 2
v 3 1
v 4 0
v 5 102
v 6 1
v 7 1
v 8 0
v 9 0
e 0 1 0 
e 0 4 0 
e 0 5 0 
e 1 0 0 
e 1 3 0 
e 1 6 0 
e 1 8 0 
e 2 3 0 
e 2 4 0 
e 3 1 0 
e 3 2 0 
e 4 0 0 
e 4 2 0 
e 4 9 0 
e 5 0 0 
e 5 7 0 
e 6 1 0 
e 7 5 0 
e 8 1 0 
e 9 4 0 
t # 26# (1, 160, 3)
v 0 0
v 1 0
v 2 0
v 3 102
v 4 1
v 5 1
v 6 0
v 7 0
e 0 1 0 
e 0 2 0 
e 0 6 0 
e 1 0 0 
e 1 2 0 
e 1 7 0 
e 2 0 0 
e 2 1 0 
e 2 3 0 
e 3 2 0 
e 3 4 0 
e 3 5 0 
e 4 3 0 
e 5 3 0 
e 6 0 0 
e 7 1 0 
t # 27# (0, 171, 8)
v 1 0
v 2 0
v 3 0
v 4 0
v 5 0
v 6 0
v 7 1
v 8 102
v 9 1
v 10 1
e 1 2 0 
e 1 5 0 
e 2 1 0 
e 2 3 0 
e 3 2 0 
e 3 4 0 
e 3 6 0 
e 4 3 0 
e 4 5 0 
e 4 8 0 
e 5 1 0 
e 5 4 0 
e 5 7 0 
e 6 3 0 
e 7 5 0 
e 8 4 0 
e 8 9 0 
e 8 10 0 
e 9 8 0 
e 10 8 0 
t # 28# (1, 174, 1)
v 0 13
v 1 101
v 2 1
v 3 1
v 4 0
v 5 0
v 6 0
v 7 0
v 8 0
e 0 1 0 
e 0 2 0 
e 0 3 0 
e 0 4 0 
e 1 0 0 
e 1 5 0 
e 2 0 0 
e 2 6 0 
e 3 0 0 
e 3 7 0 
e 4 0 0 
e 5 1 0 
e 5 8 0 
e 6 2 0 
e 7 3 0 
e 8 5 0 
t # 29# (1, 174, 2)
v 0 13
v 1 1
v 2 101
v 3 1
v 4 0
v 5 0
v 6 0
v 7 0
v 9 0
e 0 1 0 
e 0 2 0 
e 0 3 0 
e 0 4 0 
e 1 0 0 
e 1 5 0 
e 2 0 0 
e 2 6 0 
e 3 0 0 
e 3 7 0 
e 4 0 0 
e 5 1 0 
e 6 2 0 
e 6 9 0 
e 7 3 0 
e 9 6 0 
t # 30# (1, 174, 3)
v 0 13
v 1 1
v 2 1
v 3 101
v 4 0
v 5 0
v 6 0
v 7 0
v 10 0
e 0 1 0 
e 0 2 0 
e 0 3 0 
e 0 4 0 
e 1 0 0 
e 1 5 0 
e 2 0 0 
e 2 6 0 
e 3 0 0 
e 3 7 0 
e 4 0 0 
e 5 1 0 
e 6 2 0 
e 7 3 0 
e 7 10 0 
e 10 7 0 
t # 31# (1, 190, 0)
v 0 102
v 1 1
v 2 0
v 3 0
v 4 0
v 5 0
v 6 0
v 7 2
e 0 1 0 
e 0 2 0 
e 1 0 0 
e 2 0 0 
e 2 3 0 
e 2 4 0 
e 3 2 0 
e 3 5 0 
e 3 6 0 
e 4 2 0 
e 4 7 0 
e 5 3 0 
e 6 3 0 
e 7 4 0 
t # 32# (1, 193, 6)
v 0 0
v 1 0
v 2 0
v 3 0
v 5 0
v 6 100
v 7 2
v 8 2
v 9 1
v 10 1
e 0 1 0 
e 0 2 0 
e 0 3 0 
e 1 0 0 
e 2 0 0 
e 3 0 0 
e 3 5 0 
e 3 6 0 
e 5 3 0 
e 5 7 0 
e 5 8 0 
e 6 3 0 
e 6 9 0 
e 6 10 0 
e 7 5 0 
e 8 5 0 
e 8 10 0 
e 9 6 0 
e 10 6 0 
e 10 8 0 
t # 33# (1, 197, 0)
v 0 123
v 1 1
v 2 0
v 3 0
v 4 1
v 5 3
v 6 3
v 7 3
v 8 0
e 0 1 0 
e 0 4 0 
e 0 5 0 
e 0 6 0 
e 0 7 0 
e 1 0 0 
e 1 2 0 
e 2 1 0 
e 2 3 0 
e 3 2 0 
e 3 4 0 
e 3 8 0 
e 4 0 0 
e 4 3 0 
e 5 0 0 
e 6 0 0 
e 7 0 0 
e 8 3 0 
t # 34# (1, 197, 1)
v 0 23
v 1 101
v 2 0
v 3 0
v 4 1
v 5 3
v 6 3
v 7 3
v 8 0
e 0 1 0 
e 0 4 0 
e 0 5 0 
e 0 6 0 
e 0 7 0 
e 1 0 0 
e 1 2 0 
e 2 1 0 
e 2 3 0 
e 3 2 0 
e 3 4 0 
e 3 8 0 
e 4 0 0 
e 4 3 0 
e 5 0 0 
e 6 0 0 
e 7 0 0 
e 8 3 0 
t # 35# (1, 197, 2)
v 0 23
v 1 1
v 2 100
v 3 0
v 4 1
v 5 3
v 6 3
v 7 3
v 8 0
v 9 0
e 0 1 0 
e 0 4 0 
e 0 5 0 
e 0 6 0 
e 0 7 0 
e 1 0 0 
e 1 2 0 
e 2 1 0 
e 2 3 0 
e 3 2 0 
e 3 4 0 
e 3 8 0 
e 4 0 0 
e 4 3 0 
e 5 0 0 
e 6 0 0 
e 7 0 0 
e 8 3 0 
e 8 9 0 
e 9 8 0 
t # 36# (1, 197, 3)
v 0 23
v 1 1
v 2 0
v 3 100
v 4 1
v 5 3
v 6 3
v 7 3
v 8 0
v 9 0
v 10 0
e 0 1 0 
e 0 4 0 
e 0 5 0 
e 0 6 0 
e 0 7 0 
e 1 0 0 
e 1 2 0 
e 2 1 0 
e 2 3 0 
e 3 2 0 
e 3 4 0 
e 3 8 0 
e 4 0 0 
e 4 3 0 
e 5 0 0 
e 6 0 0 
e 7 0 0 
e 8 3 0 
e 8 9 0 
e 9 8 0 
e 9 10 0 
e 10 9 0 
t # 37# (1, 197, 4)
v 0 23
v 1 1
v 2 0
v 3 0
v 4 101
v 5 3
v 6 3
v 7 3
v 8 0
v 9 0
e 0 1 0 
e 0 4 0 
e 0 5 0 
e 0 6 0 
e 0 7 0 
e 1 0 0 
e 1 2 0 
e 2 1 0 
e 2 3 0 
e 3 2 0 
e 3 4 0 
e 3 8 0 
e 4 0 0 
e 4 3 0 
e 5 0 0 
e 6 0 0 
e 7 0 0 
e 8 3 0 
e 8 9 0 
e 9 8 0 
t # 38# (1, 197, 5)
v 0 23
v 1 1
v 2 0
v 3 0
v 4 1
v 5 103
v 6 3
v 7 3
e 0 1 0 
e 0 4 0 
e 0 5 0 
e 0 6 0 
e 0 7 0 
e 1 0 0 
e 1 2 0 
e 2 1 0 
e 2 3 0 
e 3 2 0 
e 3 4 0 
e 4 0 0 
e 4 3 0 
e 5 0 0 
e 6 0 0 
e 7 0 0 
t # 39# (1, 197, 6)
v 0 23
v 1 1
v 2 0
v 3 0
v 4 1
v 5 3
v 6 103
v 7 3
e 0 1 0 
e 0 4 0 
e 0 5 0 
e 0 6 0 
e 0 7 0 
e 1 0 0 
e 1 2 0 
e 2 1 0 
e 2 3 0 
e 3 2 0 
e 3 4 0 
e 4 0 0 
e 4 3 0 
e 5 0 0 
e 6 0 0 
e 7 0 0 
t # 40# (1, 197, 7)
v 0 23
v 1 1
v 2 0
v 3 0
v 4 1
v 5 3
v 6 3
v 7 103
e 0 1 0 
e 0 4 0 
e 0 5 0 
e 0 6 0 
e 0 7 0 
e 1 0 0 
e 1 2 0 
e 2 1 0 
e 2 3 0 
e 3 2 0 
e 3 4 0 
e 4 0 0 
e 4 3 0 
e 5 0 0 
e 6 0 0 
e 7 0 0 
t # 41# (1, 201, 6)
v 0 0
v 1 2
v 2 2
v 3 0
v 4 2
v 5 0
v 6 102
e 0 1 0 
e 0 2 0 
e 0 3 0 
e 1 0 0 
e 1 4 0 
e 1 5 0 
e 2 0 0 
e 2 6 0 
e 3 0 0 
e 4 1 0 
e 4 6 0 
e 5 1 0 
e 6 2 0 
e 6 4 0 
t # 42# (1, 212, 0)
v 0 102
v 1 1
v 2 0
v 3 0
v 4 0
v 5 0
v 6 0
e 0 1 0 
e 0 2 0 
e 1 0 0 
e 2 0 0 
e 2 3 0 
e 2 4 0 
e 3 2 0 
e 3 5 0 
e 4 2 0 
e 4 6 0 
e 5 3 0 
e 6 4 0 
t # 43# (1, 222, 0)
v 0 102
v 1 1
v 2 0
v 3 0
v 4 0
v 5 0
v 6 0
e 0 1 0 
e 0 2 0 
e 1 0 0 
e 2 0 0 
e 2 3 0 
e 2 4 0 
e 3 2 0 
e 3 5 0 
e 4 2 0 
e 4 6 0 
e 5 3 0 
e 6 4 0 
t # 44# (1, 232, 0)
v 0 100
v 1 1
v 2 1
v 3 0
v 4 7
v 5 0
v 6 0
v 7 1
v 8 0
v 9 0
e 0 1 0 
e 0 2 0 
e 0 3 0 
e 1 0 0 
e 2 0 0 
e 3 0 0 
e 3 4 0 
e 3 5 0 
e 4 3 0 
e 4 6 0 
e 4 7 0 
e 4 8 0 
e 5 3 0 
e 5 9 0 
e 6 4 0 
e 7 4 0 
e 8 4 0 
e 8 9 0 
e 9 5 0 
e 9 8 0 
t # 45# (1, 255, 2)
v 0 0
v 1 2
v 2 102
v 3 0
v 4 11
v 5 0
v 6 0
v 7 0
v 8 1
v 9 1
e 0 1 0 
e 0 3 0 
e 0 4 0 
e 0 5 0 
e 1 0 0 
e 1 2 0 
e 1 9 0 
e 2 1 0 
e 2 3 0 
e 2 8 0 
e 3 0 0 
e 3 2 0 
e 3 6 0 
e 3 7 0 
e 4 0 0 
e 5 0 0 
e 6 3 0 
e 7 3 0 
e 8 2 0 
e 9 1 0 
t # 46# (1, 255, 8)
v 0 0
v 1 2
v 2 2
v 3 0
v 6 0
v 7 0
v 8 101
v 9 1
e 0 1 0 
e 0 3 0 
e 1 0 0 
e 1 2 0 
e 1 9 0 
e 2 1 0 
e 2 3 0 
e 2 8 0 
e 3 0 0 
e 3 2 0 
e 3 6 0 
e 3 7 0 
e 6 3 0 
e 7 3 0 
e 8 2 0 
e 9 1 0 
t # 47# (0, 265, 20)
v 15 0
v 16 0
v 17 0
v 18 0
v 19 0
v 20 102
v 21 1
v 22 1
e 15 16 0 
e 16 15 0 
e 16 17 0 
e 17 16 0 
e 17 18 0 
e 17 20 0 
e 18 17 0 
e 18 19 0 
e 19 18 0 
e 20 17 0 
e 20 21 0 
e 20 22 0 
e 21 20 0 
e 22 20 0 
t # 48# (1, 279, 9)
v 5 0
v 7 0
v 8 1
v 9 102
v 10 1
v 11 1
e 5 7 0 
e 7 5 0 
e 7 8 0 
e 8 7 0 
e 8 9 0 
e 9 8 0 
e 9 10 0 
e 9 11 0 
e 10 9 0 
e 11 9 0 
t # 49# (1, 287, 0)
v 0 103
v 1 37
v 2 3
v 3 3
e 0 1 0 
e 1 0 0 
e 1 2 0 
e 1 3 0 
e 2 1 0 
e 3 1 0 
t # 50# (1, 287, 1)
v 0 3
v 1 137
v 2 3
v 3 3
e 0 1 0 
e 1 0 0 
e 1 2 0 
e 1 3 0 
e 2 1 0 
e 3 1 0 
t # 51# (1, 287, 2)
v 0 3
v 1 37
v 2 103
v 3 3
e 0 1 0 
e 1 0 0 
e 1 2 0 
e 1 3 0 
e 2 1 0 
e 3 1 0 
t # 52# (1, 287, 3)
v 0 3
v 1 37
v 2 3
v 3 103
e 0 1 0 
e 1 0 0 
e 1 2 0 
e 1 3 0 
e 2 1 0 
e 3 1 0 
t # 53# (1, 296, 7)
v 0 0
v 2 0
v 4 0
v 7 101
v 8 2
e 0 2 0 
e 2 0 0 
e 2 4 0 
e 4 2 0 
e 4 7 0 
e 7 4 0 
e 7 8 0 
e 8 7 0 
t # 54# (1, 296, 8)
v 8 102
v 2 0
v 4 0
v 7 1
e 8 7 0 
e 2 4 0 
e 4 2 0 
e 4 7 0 
e 7 8 0 
e 7 4 0 
t # 55# (1, 306, 0)
v 0 102
v 1 1
v 2 0
v 3 0
v 4 0
v 5 2
v 6 0
v 7 0
e 0 1 0 
e 0 2 0 
e 1 0 0 
e 2 0 0 
e 2 3 0 
e 2 4 0 
e 3 2 0 
e 3 5 0 
e 3 6 0 
e 4 2 0 
e 4 7 0 
e 5 3 0 
e 6 3 0 
e 7 4 0 
t # 56# (1, 306, 5)
v 0 2
v 2 0
v 3 0
v 4 0
v 5 102
v 6 0
v 8 1
v 9 0
e 0 2 0 
e 2 0 0 
e 2 3 0 
e 2 4 0 
e 3 2 0 
e 3 5 0 
e 3 6 0 
e 4 2 0 
e 5 3 0 
e 5 8 0 
e 6 3 0 
e 6 9 0 
e 8 5 0 
e 9 6 0 
t # 57# (0, 311, 22)
v 4 0
v 5 0
v 9 0
v 10 0
v 17 0
v 22 102
v 24 1
v 25 1
e 4 9 0 
e 5 10 0 
e 9 4 0 
e 9 17 0 
e 10 5 0 
e 10 17 0 
e 17 9 0 
e 17 10 0 
e 17 22 0 
e 22 17 0 
e 22 24 0 
e 22 25 0 
e 24 22 0 
e 25 22 0 
t # 58# (0, 311, 49)
v 40 0
v 41 0
v 43 0
v 44 0
v 48 0
v 49 102
v 50 1
v 51 1
e 40 43 0 
e 41 44 0 
e 43 40 0 
e 43 48 0 
e 44 41 0 
e 44 48 0 
e 48 43 0 
e 48 44 0 
e 48 49 0 
e 49 48 0 
e 49 50 0 
e 49 51 0 
e 50 49 0 
e 51 49 0 
t # 59# (1, 313, 4)
v 1 0
v 2 0
v 3 2
v 4 102
v 5 1
v 6 2
v 7 1
v 8 0
v 9 0
e 1 2 0 
e 2 1 0 
e 2 3 0 
e 3 2 0 
e 3 4 0 
e 3 8 0 
e 4 3 0 
e 4 5 0 
e 4 6 0 
e 5 4 0 
e 6 4 0 
e 6 7 0 
e 7 6 0 
e 8 3 0 
e 8 9 0 
e 9 8 0 
t # 60# (1, 313, 6)
v 2 0
v 3 2
v 4 2
v 5 1
v 6 102
v 7 1
v 8 0
e 2 3 0 
e 3 2 0 
e 3 4 0 
e 3 8 0 
e 4 3 0 
e 4 5 0 
e 4 6 0 
e 5 4 0 
e 6 4 0 
e 6 7 0 
e 7 6 0 
e 8 3 0 
t # 61# (1, 313, 7)
v 3 2
v 4 2
v 5 1
v 6 2
v 7 101
e 3 4 0 
e 4 3 0 
e 4 5 0 
e 4 6 0 
e 5 4 0 
e 6 4 0 
e 6 7 0 
e 7 6 0 
t # 62# (1, 318, 7)
v 0 0
v 1 0
v 2 0
v 3 0
v 4 0
v 7 102
v 8 1
e 0 1 0 
e 1 0 0 
e 1 2 0 
e 2 1 0 
e 2 3 0 
e 2 7 0 
e 3 2 0 
e 3 4 0 
e 4 3 0 
e 7 2 0 
e 7 8 0 
e 8 7 0 
t # 63# (1, 337, 7)
v 0 2
v 1 2
v 4 0
v 5 0
v 6 2
v 7 102
v 8 5
e 0 4 0 
e 0 6 0 
e 1 5 0 
e 1 6 0 
e 1 7 0 
e 4 0 0 
e 4 5 0 
e 5 1 0 
e 5 4 0 
e 5 8 0 
e 6 0 0 
e 6 1 0 
e 7 1 0 
e 8 5 0 
t # 64# (1, 337, 9)
v 0 2
v 2 1
v 3 0
v 4 0
v 5 0
v 9 102
v 10 2
e 0 4 0 
e 2 3 0 
e 3 2 0 
e 3 4 0 
e 3 9 0 
e 4 0 0 
e 4 3 0 
e 4 5 0 
e 5 4 0 
e 9 3 0 
e 9 10 0 
e 10 9 0 
t # 65# (1, 341, 5)
v 0 0
v 1 0
v 2 2
v 3 0
v 4 1
v 5 102
v 6 0
e 0 1 0 
e 1 0 0 
e 1 2 0 
e 1 5 0 
e 2 1 0 
e 2 3 0 
e 3 2 0 
e 3 4 0 
e 3 6 0 
e 4 3 0 
e 4 5 0 
e 5 1 0 
e 5 4 0 
e 6 3 0 
t # 66# (1, 352, 8)
v 1 0
v 2 2
v 4 0
v 5 2
v 6 0
v 7 2
v 8 102
v 9 2
e 1 2 0 
e 2 1 0 
e 2 4 0 
e 2 5 0 
e 4 2 0 
e 4 7 0 
e 4 8 0 
e 5 2 0 
e 5 9 0 
e 6 7 0 
e 7 4 0 
e 7 6 0 
e 8 4 0 
e 8 9 0 
e 9 5 0 
e 9 8 0 
t # 67# (1, 352, 9)
v 1 0
v 2 2
v 4 0
v 5 2
v 7 2
v 8 2
v 9 102
e 1 2 0 
e 2 1 0 
e 2 4 0 
e 2 5 0 
e 4 2 0 
e 4 7 0 
e 4 8 0 
e 5 2 0 
e 5 9 0 
e 7 4 0 
e 8 4 0 
e 8 9 0 
e 9 5 0 
e 9 8 0 
t # 68# (1, 357, 0)
v 0 102
v 1 1
v 2 0
v 3 0
v 4 0
v 5 0
v 6 0
v 7 0
e 0 1 0 
e 0 2 0 
e 1 0 0 
e 2 0 0 
e 2 3 0 
e 2 4 0 
e 3 2 0 
e 3 5 0 
e 3 6 0 
e 4 2 0 
e 4 7 0 
e 5 3 0 
e 6 3 0 
e 7 4 0 
t # 69# (1, 368, 2)
v 0 0
v 1 2
v 2 102
v 3 2
v 4 0
v 5 2
v 6 2
v 7 0
e 0 1 0 
e 0 2 0 
e 0 3 0 
e 1 0 0 
e 1 4 0 
e 1 5 0 
e 2 0 0 
e 2 6 0 
e 3 0 0 
e 3 7 0 
e 4 1 0 
e 4 7 0 
e 5 1 0 
e 5 6 0 
e 6 2 0 
e 6 5 0 
e 7 3 0 
e 7 4 0 
t # 70# (1, 368, 6)
v 0 0
v 1 2
v 2 2
v 3 2
v 4 0
v 5 2
v 6 102
e 0 1 0 
e 0 2 0 
e 0 3 0 
e 1 0 0 
e 1 4 0 
e 1 5 0 
e 2 0 0 
e 2 6 0 
e 3 0 0 
e 4 1 0 
e 5 1 0 
e 5 6 0 
e 6 2 0 
e 6 5 0 
t # 71# (1, 384, 9)
v 0 0
v 1 0
v 2 0
v 3 0
v 7 0
v 8 2
v 9 102
v 10 1
v 11 1
e 0 1 0 
e 0 2 0 
e 1 0 0 
e 1 2 0 
e 1 3 0 
e 2 0 0 
e 2 1 0 
e 2 7 0 
e 2 9 0 
e 3 1 0 
e 7 2 0 
e 7 8 0 
e 8 7 0 
e 9 2 0 
e 9 10 0 
e 9 11 0 
e 10 9 0 
e 11 9 0 
t # 72# (1, 399, 8)
v 1 0
v 2 0
v 4 0
v 5 2
v 6 0
v 7 2
v 8 101
v 9 2
e 1 2 0 
e 2 1 0 
e 2 4 0 
e 2 5 0 
e 4 2 0 
e 4 7 0 
e 4 8 0 
e 5 2 0 
e 5 9 0 
e 6 7 0 
e 7 4 0 
e 7 6 0 
e 8 4 0 
e 8 9 0 
e 9 5 0 
e 9 8 0 
t # 73# (1, 410, 0)
v 0 102
v 1 1
v 2 0
v 3 0
v 4 0
v 5 2
v 6 0
v 7 2
v 8 2
e 0 1 0 
e 0 2 0 
e 1 0 0 
e 2 0 0 
e 2 3 0 
e 2 4 0 
e 3 2 0 
e 3 5 0 
e 3 6 0 
e 4 2 0 
e 4 7 0 
e 4 8 0 
e 5 3 0 
e 6 3 0 
e 7 4 0 
e 8 4 0 
t # 74# (1, 437, 6)
v 0 0
v 2 0
v 3 0
v 4 0
v 5 0
v 6 102
v 7 2
v 8 1
v 9 0
e 0 2 0 
e 2 0 0 
e 2 3 0 
e 2 4 0 
e 3 2 0 
e 3 5 0 
e 3 6 0 
e 4 2 0 
e 4 7 0 
e 4 8 0 
e 5 3 0 
e 5 9 0 
e 6 3 0 
e 6 8 0 
e 7 4 0 
e 8 4 0 
e 8 6 0 
e 9 5 0 
t # 75# (1, 437, 8)
v 0 0
v 2 0
v 3 0
v 4 0
v 5 0
v 6 2
v 7 2
v 8 101
e 0 2 0 
e 2 0 0 
e 2 3 0 
e 2 4 0 
e 3 2 0 
e 3 5 0 
e 3 6 0 
e 4 2 0 
e 4 7 0 
e 4 8 0 
e 5 3 0 
e 6 3 0 
e 6 8 0 
e 7 4 0 
e 8 4 0 
e 8 6 0 
t # 76# (1, 442, 8)
v 2 0
v 3 0
v 4 0
v 5 0
v 6 0
v 7 2
v 8 100
v 9 0
v 10 2
v 11 1
e 2 3 0 
e 2 4 0 
e 3 2 0 
e 3 5 0 
e 3 6 0 
e 4 2 0 
e 4 7 0 
e 5 3 0 
e 5 8 0 
e 6 3 0 
e 6 9 0 
e 7 4 0 
e 7 8 0 
e 7 9 0 
e 8 5 0 
e 8 7 0 
e 8 10 0 
e 9 6 0 
e 9 7 0 
e 10 8 0 
e 10 11 0 
e 11 10 0 
t # 77# (1, 463, 0)
v 0 102
v 1 0
v 2 2
v 3 0
v 4 2
v 5 1
v 6 1
v 7 0
v 8 0
e 0 1 0 
e 0 3 0 
e 0 6 0 
e 1 0 0 
e 1 2 0 
e 1 7 0 
e 2 1 0 
e 2 4 0 
e 3 0 0 
e 3 4 0 
e 3 5 0 
e 4 2 0 
e 4 3 0 
e 5 3 0 
e 6 0 0 
e 7 1 0 
e 7 8 0 
e 8 7 0 
t # 78# (1, 468, 2)
v 0 0
v 1 2
v 2 102
v 3 2
v 4 0
v 5 2
v 6 2
v 7 0
e 0 1 0 
e 0 2 0 
e 0 3 0 
e 1 0 0 
e 1 4 0 
e 1 5 0 
e 2 0 0 
e 2 6 0 
e 3 0 0 
e 3 7 0 
e 4 1 0 
e 4 7 0 
e 5 1 0 
e 5 6 0 
e 6 2 0 
e 6 5 0 
e 7 3 0 
e 7 4 0 
t # 79# (1, 468, 6)
v 0 0
v 1 2
v 2 2
v 3 2
v 4 0
v 5 2
v 6 102
e 0 1 0 
e 0 2 0 
e 0 3 0 
e 1 0 0 
e 1 4 0 
e 1 5 0 
e 2 0 0 
e 2 6 0 
e 3 0 0 
e 4 1 0 
e 5 1 0 
e 5 6 0 
e 6 2 0 
e 6 5 0 
t # 80# (1, 470, 0)
v 0 123
v 1 1
v 2 0
v 3 0
v 4 1
v 5 3
v 6 3
v 7 3
v 8 0
e 0 1 0 
e 0 4 0 
e 0 5 0 
e 0 6 0 
e 0 7 0 
e 1 0 0 
e 1 2 0 
e 2 1 0 
e 2 3 0 
e 3 2 0 
e 3 4 0 
e 3 8 0 
e 4 0 0 
e 4 3 0 
e 5 0 0 
e 6 0 0 
e 7 0 0 
e 8 3 0 
t # 81# (1, 470, 1)
v 0 23
v 1 101
v 2 0
v 3 0
v 4 1
v 5 3
v 6 3
v 7 3
v 8 0
e 0 1 0 
e 0 4 0 
e 0 5 0 
e 0 6 0 
e 0 7 0 
e 1 0 0 
e 1 2 0 
e 2 1 0 
e 2 3 0 
e 3 2 0 
e 3 4 0 
e 3 8 0 
e 4 0 0 
e 4 3 0 
e 5 0 0 
e 6 0 0 
e 7 0 0 
e 8 3 0 
t # 82# (1, 470, 2)
v 0 23
v 1 1
v 2 100
v 3 0
v 4 1
v 5 3
v 6 3
v 7 3
v 8 0
v 9 0
e 0 1 0 
e 0 4 0 
e 0 5 0 
e 0 6 0 
e 0 7 0 
e 1 0 0 
e 1 2 0 
e 2 1 0 
e 2 3 0 
e 3 2 0 
e 3 4 0 
e 3 8 0 
e 4 0 0 
e 4 3 0 
e 5 0 0 
e 6 0 0 
e 7 0 0 
e 8 3 0 
e 8 9 0 
e 9 8 0 
t # 83# (1, 470, 3)
v 0 23
v 1 1
v 2 0
v 3 100
v 4 1
v 5 3
v 6 3
v 7 3
v 8 0
v 9 0
e 0 1 0 
e 0 4 0 
e 0 5 0 
e 0 6 0 
e 0 7 0 
e 1 0 0 
e 1 2 0 
e 2 1 0 
e 2 3 0 
e 3 2 0 
e 3 4 0 
e 3 8 0 
e 4 0 0 
e 4 3 0 
e 5 0 0 
e 6 0 0 
e 7 0 0 
e 8 3 0 
e 8 9 0 
e 9 8 0 
t # 84# (1, 470, 4)
v 0 23
v 1 1
v 2 0
v 3 0
v 4 101
v 5 3
v 6 3
v 7 3
v 8 0
v 9 0
e 0 1 0 
e 0 4 0 
e 0 5 0 
e 0 6 0 
e 0 7 0 
e 1 0 0 
e 1 2 0 
e 2 1 0 
e 2 3 0 
e 3 2 0 
e 3 4 0 
e 3 8 0 
e 4 0 0 
e 4 3 0 
e 5 0 0 
e 6 0 0 
e 7 0 0 
e 8 3 0 
e 8 9 0 
e 9 8 0 
t # 85# (1, 470, 5)
v 0 23
v 1 1
v 2 0
v 3 0
v 4 1
v 5 103
v 6 3
v 7 3
e 0 1 0 
e 0 4 0 
e 0 5 0 
e 0 6 0 
e 0 7 0 
e 1 0 0 
e 1 2 0 
e 2 1 0 
e 2 3 0 
e 3 2 0 
e 3 4 0 
e 4 0 0 
e 4 3 0 
e 5 0 0 
e 6 0 0 
e 7 0 0 
t # 86# (1, 470, 6)
v 0 23
v 1 1
v 2 0
v 3 0
v 4 1
v 5 3
v 6 103
v 7 3
e 0 1 0 
e 0 4 0 
e 0 5 0 
e 0 6 0 
e 0 7 0 
e 1 0 0 
e 1 2 0 
e 2 1 0 
e 2 3 0 
e 3 2 0 
e 3 4 0 
e 4 0 0 
e 4 3 0 
e 5 0 0 
e 6 0 0 
e 7 0 0 
t # 87# (1, 470, 7)
v 0 23
v 1 1
v 2 0
v 3 0
v 4 1
v 5 3
v 6 3
v 7 103
e 0 1 0 
e 0 4 0 
e 0 5 0 
e 0 6 0 
e 0 7 0 
e 1 0 0 
e 1 2 0 
e 2 1 0 
e 2 3 0 
e 3 2 0 
e 3 4 0 
e 4 0 0 
e 4 3 0 
e 5 0 0 
e 6 0 0 
e 7 0 0 
t # 88# (1, 477, 0)
v 0 102
v 1 1
v 2 0
v 3 0
v 4 0
v 5 0
v 6 0
e 0 1 0 
e 0 2 0 
e 1 0 0 
e 2 0 0 
e 2 3 0 
e 2 4 0 
e 3 2 0 
e 3 5 0 
e 4 2 0 
e 4 6 0 
e 5 3 0 
e 6 4 0 
t # 89# (1, 477, 8)
v 3 0
v 4 0
v 5 0
v 6 0
v 7 0
v 8 102
v 9 1
e 3 5 0 
e 4 6 0 
e 5 3 0 
e 5 7 0 
e 6 4 0 
e 6 7 0 
e 7 5 0 
e 7 6 0 
e 7 8 0 
e 8 7 0 
e 8 9 0 
e 9 8 0 
t # 90# (1, 486, 6)
v 0 0
v 1 0
v 4 1
v 6 127
v 7 1
v 8 1
e 0 1 0 
e 1 0 0 
e 1 4 0 
e 4 1 0 
e 4 6 0 
e 6 4 0 
e 6 7 0 
e 6 8 0 
e 7 6 0 
e 8 6 0 
t # 91# (1, 486, 7)
v 1 0
v 4 1
v 6 27
v 7 101
v 8 1
e 1 4 0 
e 4 1 0 
e 4 6 0 
e 6 4 0 
e 6 7 0 
e 6 8 0 
e 7 6 0 
e 8 6 0 
t # 92# (1, 486, 8)
v 1 0
v 4 1
v 6 27
v 7 1
v 8 101
e 1 4 0 
e 4 1 0 
e 4 6 0 
e 6 4 0 
e 6 7 0 
e 6 8 0 
e 7 6 0 
e 8 6 0 
t # 93# (1, 498, 0)
v 0 135
v 5 0
v 6 0
v 7 1
v 8 0
v 9 0
v 10 1
v 11 0
e 0 7 0 
e 0 10 0 
e 5 6 0 
e 5 9 0 
e 6 5 0 
e 6 7 0 
e 6 8 0 
e 7 0 0 
e 7 6 0 
e 8 6 0 
e 9 5 0 
e 9 10 0 
e 9 11 0 
e 10 0 0 
e 10 9 0 
e 11 9 0 
t # 94# (1, 498, 5)
v 0 35
v 5 100
v 6 0
v 7 1
v 8 0
v 9 0
v 10 1
v 11 0
e 0 7 0 
e 0 10 0 
e 5 6 0 
e 5 9 0 
e 6 5 0 
e 6 7 0 
e 6 8 0 
e 7 0 0 
e 7 6 0 
e 8 6 0 
e 9 5 0 
e 9 10 0 
e 9 11 0 
e 10 0 0 
e 10 9 0 
e 11 9 0 
t # 95# (1, 498, 6)
v 0 35
v 5 0
v 6 100
v 7 1
v 8 0
v 9 0
v 10 1
v 11 0
e 0 7 0 
e 0 10 0 
e 5 6 0 
e 5 9 0 
e 6 5 0 
e 6 7 0 
e 6 8 0 
e 7 0 0 
e 7 6 0 
e 8 6 0 
e 9 5 0 
e 9 10 0 
e 9 11 0 
e 10 0 0 
e 10 9 0 
e 11 9 0 
t # 96# (1, 498, 7)
v 0 35
v 5 0
v 6 0
v 7 101
v 8 0
v 9 0
v 10 1
e 0 7 0 
e 0 10 0 
e 5 6 0 
e 5 9 0 
e 6 5 0 
e 6 7 0 
e 6 8 0 
e 7 0 0 
e 7 6 0 
e 8 6 0 
e 9 5 0 
e 9 10 0 
e 10 0 0 
e 10 9 0 
t # 97# (1, 498, 8)
v 0 35
v 5 0
v 6 0
v 7 1
v 8 100
v 9 0
e 0 7 0 
e 5 6 0 
e 5 9 0 
e 6 5 0 
e 6 7 0 
e 6 8 0 
e 7 0 0 
e 7 6 0 
e 8 6 0 
e 9 5 0 
t # 98# (1, 498, 9)
v 0 35
v 5 0
v 6 0
v 7 1
v 8 0
v 9 100
v 10 1
v 11 0
e 0 7 0 
e 0 10 0 
e 5 6 0 
e 5 9 0 
e 6 5 0 
e 6 7 0 
e 6 8 0 
e 7 0 0 
e 7 6 0 
e 8 6 0 
e 9 5 0 
e 9 10 0 
e 9 11 0 
e 10 0 0 
e 10 9 0 
e 11 9 0 
t # 99# (1, 498, 10)
v 0 35
v 5 0
v 6 0
v 7 1
v 9 0
v 10 101
v 11 0
e 0 7 0 
e 0 10 0 
e 5 6 0 
e 5 9 0 
e 6 5 0 
e 6 7 0 
e 7 0 0 
e 7 6 0 
e 9 5 0 
e 9 10 0 
e 9 11 0 
e 10 0 0 
e 10 9 0 
e 11 9 0 
t # 100# (1, 498, 11)
v 0 35
v 5 0
v 6 0
v 9 0
v 10 1
v 11 100
e 0 10 0 
e 5 6 0 
e 5 9 0 
e 6 5 0 
e 9 5 0 
e 9 10 0 
e 9 11 0 
e 10 0 0 
e 10 9 0 
e 11 9 0 
t # 101# (1, 522, 4)
v 0 0
v 1 13
v 2 0
v 3 0
v 4 100
v 5 0
v 6 0
v 7 0
v 8 0
e 0 1 0 
e 1 0 0 
e 1 2 0 
e 1 3 0 
e 1 4 0 
e 2 1 0 
e 3 1 0 
e 4 1 0 
e 4 5 0 
e 4 6 0 
e 5 4 0 
e 6 4 0 
e 6 7 0 
e 7 6 0 
e 7 8 0 
e 8 7 0 
t # 102# (1, 526, 7)
v 0 0
v 1 0
v 2 0
v 3 0
v 4 0
v 7 102
v 8 1
e 0 1 0 
e 1 0 0 
e 1 2 0 
e 2 1 0 
e 2 3 0 
e 2 7 0 
e 3 2 0 
e 3 4 0 
e 4 3 0 
e 7 2 0 
e 7 8 0 
e 8 7 0 
t # 103# (1, 533, 8)
v 0 0
v 1 0
v 2 0
v 3 0
v 4 0
v 7 0
v 8 102
v 9 1
e 0 1 0 
e 1 0 0 
e 1 2 0 
e 2 1 0 
e 2 3 0 
e 2 8 0 
e 3 2 0 
e 3 4 0 
e 3 7 0 
e 4 3 0 
e 7 3 0 
e 8 2 0 
e 8 9 0 
e 9 8 0 
t # 104# (1, 549, 2)
v 0 0
v 1 2
v 2 102
v 3 1
v 4 2
v 5 1
v 6 0
v 9 0
v 10 0
e 0 9 0 
e 1 2 0 
e 1 9 0 
e 1 10 0 
e 2 1 0 
e 2 3 0 
e 2 4 0 
e 3 2 0 
e 4 2 0 
e 4 5 0 
e 5 4 0 
e 6 10 0 
e 9 0 0 
e 9 1 0 
e 10 1 0 
e 10 6 0 
t # 105# (1, 549, 4)
v 1 2
v 2 2
v 3 1
v 4 102
v 5 1
v 9 0
v 10 0
e 1 2 0 
e 1 9 0 
e 1 10 0 
e 2 1 0 
e 2 3 0 
e 2 4 0 
e 3 2 0 
e 4 2 0 
e 4 5 0 
e 5 4 0 
e 9 1 0 
e 10 1 0 
t # 106# (1, 549, 5)
v 1 2
v 2 2
v 3 1
v 4 2
v 5 101
e 1 2 0 
e 2 1 0 
e 2 3 0 
e 2 4 0 
e 3 2 0 
e 4 2 0 
e 4 5 0 
e 5 4 0 
t # 107# (1, 566, 1)
v 0 0
v 1 102
v 2 1
v 3 0
v 4 2
v 5 0
v 6 0
e 0 1 0 
e 0 2 0 
e 0 3 0 
e 1 0 0 
e 1 4 0 
e 2 0 0 
e 3 0 0 
e 3 5 0 
e 3 6 0 
e 4 1 0 
e 5 3 0 
e 6 3 0 
t # 108# (1, 574, 10)
v 0 0
v 1 0
v 2 0
v 3 0
v 5 0
v 8 0
v 9 0
v 10 102
v 11 1
e 0 1 0 
e 1 0 0 
e 1 2 0 
e 1 8 0 
e 1 9 0 
e 2 1 0 
e 2 5 0 
e 2 10 0 
e 3 5 0 
e 3 8 0 
e 5 2 0 
e 5 3 0 
e 8 1 0 
e 8 3 0 
e 9 1 0 
e 10 2 0 
e 10 11 0 
e 11 10 0 
t # 109# (1, 578, 5)
v 0 0
v 1 0
v 2 0
v 3 0
v 5 100
v 6 0
v 7 1
v 8 2
v 9 2
v 10 1
e 0 1 0 
e 0 2 0 
e 0 3 0 
e 1 0 0 
e 2 0 0 
e 3 0 0 
e 3 5 0 
e 3 6 0 
e 5 3 0 
e 5 7 0 
e 5 8 0 
e 6 3 0 
e 6 9 0 
e 6 10 0 
e 7 5 0 
e 8 5 0 
e 8 10 0 
e 9 6 0 
e 10 6 0 
e 10 8 0 
t # 110# (1, 578, 6)
v 0 0
v 1 0
v 2 0
v 3 0
v 5 0
v 6 100
v 7 1
v 8 2
v 9 2
v 10 1
e 0 1 0 
e 0 2 0 
e 0 3 0 
e 1 0 0 
e 2 0 0 
e 3 0 0 
e 3 5 0 
e 3 6 0 
e 5 3 0 
e 5 7 0 
e 5 8 0 
e 6 3 0 
e 6 9 0 
e 6 10 0 
e 7 5 0 
e 8 5 0 
e 8 10 0 
e 9 6 0 
e 10 6 0 
e 10 8 0 
t # 111# (1, 578, 8)
v 0 0
v 3 0
v 5 0
v 6 0
v 7 1
v 8 102
v 9 2
v 10 1
e 0 3 0 
e 3 0 0 
e 3 5 0 
e 3 6 0 
e 5 3 0 
e 5 7 0 
e 5 8 0 
e 6 3 0 
e 6 9 0 
e 6 10 0 
e 7 5 0 
e 8 5 0 
e 8 10 0 
e 9 6 0 
e 10 6 0 
e 10 8 0 
t # 112# (1, 578, 10)
v 0 0
v 3 0
v 5 0
v 6 0
v 7 1
v 8 2
v 9 2
v 10 101
e 0 3 0 
e 3 0 0 
e 3 5 0 
e 3 6 0 
e 5 3 0 
e 5 7 0 
e 5 8 0 
e 6 3 0 
e 6 9 0 
e 6 10 0 
e 7 5 0 
e 8 5 0 
e 8 10 0 
e 9 6 0 
e 10 6 0 
e 10 8 0 
t # 113# (1, 594, 2)
v 0 0
v 1 0
v 2 100
v 3 13
v 4 0
v 5 0
v 6 0
v 9 0
v 10 0
v 11 0
e 0 1 0 
e 1 0 0 
e 1 2 0 
e 2 1 0 
e 2 3 0 
e 2 4 0 
e 3 2 0 
e 3 9 0 
e 3 10 0 
e 3 11 0 
e 4 2 0 
e 4 5 0 
e 5 4 0 
e 5 6 0 
e 6 5 0 
e 9 3 0 
e 10 3 0 
e 11 3 0 
t # 114# (1, 605, 0)
v 0 102
v 4 1
v 5 1
e 0 4 0 
e 0 5 0 
e 4 0 0 
e 5 0 0 
t # 115# (1, 605, 1)
v 1 102
v 2 1
v 3 1
e 1 2 0 
e 1 3 0 
e 2 1 0 
e 3 1 0 
t # 116# (1, 605, 2)
v 1 2
v 2 101
v 3 1
e 1 2 0 
e 1 3 0 
e 2 1 0 
e 3 1 0 
t # 117# (1, 605, 3)
v 1 2
v 2 1
v 3 101
e 1 2 0 
e 1 3 0 
e 2 1 0 
e 3 1 0 
t # 118# (1, 605, 4)
v 0 2
v 4 101
v 5 1
e 0 4 0 
e 0 5 0 
e 4 0 0 
e 5 0 0 
t # 119# (1, 605, 5)
v 0 2
v 4 1
v 5 101
e 0 4 0 
e 0 5 0 
e 4 0 0 
e 5 0 0 
t # 120# (1, 633, 2)
v 0 0
v 1 0
v 2 102
v 3 1
v 4 2
v 5 1
v 6 1
v 7 0
v 11 0
e 0 1 0 
e 0 4 0 
e 0 7 0 
e 1 0 0 
e 1 2 0 
e 1 11 0 
e 2 1 0 
e 2 3 0 
e 3 2 0 
e 3 4 0 
e 4 0 0 
e 4 3 0 
e 5 11 0 
e 6 11 0 
e 7 0 0 
e 11 1 0 
e 11 5 0 
e 11 6 0 
t # 121# (1, 633, 3)
v 0 0
v 1 0
v 2 2
v 3 101
v 4 2
v 7 0
v 11 0
e 0 1 0 
e 0 4 0 
e 0 7 0 
e 1 0 0 
e 1 2 0 
e 1 11 0 
e 2 1 0 
e 2 3 0 
e 3 2 0 
e 3 4 0 
e 4 0 0 
e 4 3 0 
e 7 0 0 
e 11 1 0 
t # 122# (1, 633, 4)
v 0 0
v 1 0
v 2 2
v 3 1
v 4 102
v 7 0
v 8 0
v 11 0
e 0 1 0 
e 0 4 0 
e 0 7 0 
e 1 0 0 
e 1 2 0 
e 1 11 0 
e 2 1 0 
e 2 3 0 
e 3 2 0 
e 3 4 0 
e 4 0 0 
e 4 3 0 
e 7 0 0 
e 7 8 0 
e 8 7 0 
e 11 1 0 
t # 123# (1, 675, 10)
v 6 0
v 8 0
v 9 0
v 10 102
v 11 1
e 6 8 0 
e 8 6 0 
e 8 9 0 
e 9 8 0 
e 9 10 0 
e 10 9 0 
e 10 11 0 
e 11 10 0 
t # 124# (1, 681, 10)
v 5 0
v 6 0
v 7 0
v 8 0
v 9 0
v 10 102
v 11 1
e 5 7 0 
e 6 8 0 
e 7 5 0 
e 7 9 0 
e 8 6 0 
e 8 9 0 
e 9 7 0 
e 9 8 0 
e 9 10 0 
e 10 9 0 
e 10 11 0 
e 11 10 0 
t # 125# (1, 683, 4)
v 0 0
v 1 0
v 2 0
v 3 2
v 4 100
v 5 0
v 6 0
v 7 1
v 8 1
e 0 1 0 
e 1 0 0 
e 1 2 0 
e 1 3 0 
e 2 1 0 
e 2 4 0 
e 2 5 0 
e 2 6 0 
e 3 1 0 
e 3 7 0 
e 4 2 0 
e 4 7 0 
e 4 8 0 
e 5 2 0 
e 5 6 0 
e 6 2 0 
e 6 5 0 
e 7 3 0 
e 7 4 0 
e 8 4 0 
t # 126# (0, 684, 17)
v 10 0
v 14 0
v 15 0
v 16 0
v 17 102
v 18 0
v 19 1
v 20 0
v 21 0
e 10 14 0 
e 14 10 0 
e 14 15 0 
e 14 16 0 
e 15 14 0 
e 16 14 0 
e 16 17 0 
e 16 18 0 
e 17 16 0 
e 17 19 0 
e 18 16 0 
e 18 20 0 
e 18 21 0 
e 19 17 0 
e 20 18 0 
e 21 18 0 
t # 127# (1, 693, 1)
v 0 0
v 1 102
v 2 0
v 3 1
v 4 1
v 5 0
v 6 0
e 0 1 0 
e 0 2 0 
e 1 0 0 
e 1 3 0 
e 1 4 0 
e 2 0 0 
e 2 5 0 
e 2 6 0 
e 3 1 0 
e 4 1 0 
e 5 2 0 
e 6 2 0 
t # 128# (1, 695, 0)
v 0 135
v 1 0
v 2 0
v 4 0
v 5 0
v 6 1
v 7 0
e 0 1 0 
e 0 2 0 
e 0 6 0 
e 1 0 0 
e 2 0 0 
e 4 5 0 
e 5 4 0 
e 5 6 0 
e 5 7 0 
e 6 0 0 
e 6 5 0 
e 7 5 0 
t # 129# (1, 695, 1)
v 0 35
v 1 100
v 2 0
v 5 0
v 6 1
e 0 1 0 
e 0 2 0 
e 0 6 0 
e 1 0 0 
e 2 0 0 
e 5 6 0 
e 6 0 0 
e 6 5 0 
t # 130# (1, 695, 2)
v 0 35
v 1 0
v 2 100
v 5 0
v 6 1
e 0 1 0 
e 0 2 0 
e 0 6 0 
e 1 0 0 
e 2 0 0 
e 5 6 0 
e 6 0 0 
e 6 5 0 
t # 131# (1, 695, 4)
v 0 35
v 3 1
v 4 100
v 5 0
v 6 1
v 7 0
v 8 0
v 9 0
v 10 0
v 11 0
e 0 6 0 
e 3 4 0 
e 4 3 0 
e 4 5 0 
e 4 11 0 
e 5 4 0 
e 5 6 0 
e 5 7 0 
e 6 0 0 
e 6 5 0 
e 7 5 0 
e 7 8 0 
e 8 7 0 
e 8 9 0 
e 9 8 0 
e 9 10 0 
e 10 9 0 
e 10 11 0 
e 11 4 0 
e 11 10 0 
t # 132# (1, 695, 5)
v 0 35
v 1 0
v 2 0
v 3 1
v 4 0
v 5 100
v 6 1
v 7 0
v 8 0
v 9 0
v 10 0
v 11 0
e 0 1 0 
e 0 2 0 
e 0 6 0 
e 1 0 0 
e 2 0 0 
e 3 4 0 
e 4 3 0 
e 4 5 0 
e 4 11 0 
e 5 4 0 
e 5 6 0 
e 5 7 0 
e 6 0 0 
e 6 5 0 
e 7 5 0 
e 7 8 0 
e 8 7 0 
e 8 9 0 
e 9 8 0 
e 9 10 0 
e 10 9 0 
e 10 11 0 
e 11 4 0 
e 11 10 0 
t # 133# (1, 695, 6)
v 0 35
v 1 0
v 2 0
v 3 1
v 4 0
v 5 0
v 6 101
v 7 0
v 8 0
v 11 0
e 0 1 0 
e 0 2 0 
e 0 6 0 
e 1 0 0 
e 2 0 0 
e 3 4 0 
e 4 3 0 
e 4 5 0 
e 4 11 0 
e 5 4 0 
e 5 6 0 
e 5 7 0 
e 6 0 0 
e 6 5 0 
e 7 5 0 
e 7 8 0 
e 8 7 0 
e 11 4 0 
t # 134# (1, 695, 7)
v 0 35
v 3 1
v 4 0
v 5 0
v 6 1
v 7 100
v 8 0
v 9 0
v 10 0
v 11 0
e 0 6 0 
e 3 4 0 
e 4 3 0 
e 4 5 0 
e 4 11 0 
e 5 4 0 
e 5 6 0 
e 5 7 0 
e 6 0 0 
e 6 5 0 
e 7 5 0 
e 7 8 0 
e 8 7 0 
e 8 9 0 
e 9 8 0 
e 9 10 0 
e 10 9 0 
e 10 11 0 
e 11 4 0 
e 11 10 0 
t # 135# (0, 709, 37)
v 32 0
v 33 0
v 34 0
v 35 0
v 36 0
v 37 102
v 38 1
v 39 1
e 32 33 0 
e 33 32 0 
e 33 34 0 
e 34 33 0 
e 34 35 0 
e 34 37 0 
e 35 34 0 
e 35 36 0 
e 36 35 0 
e 37 34 0 
e 37 38 0 
e 37 39 0 
e 38 37 0 
e 39 37 0 
t # 136# (1, 730, 0)
v 0 102
v 1 1
v 2 0
v 3 0
v 4 0
v 5 2
v 6 0
v 7 2
v 8 0
e 0 1 0 
e 0 2 0 
e 1 0 0 
e 2 0 0 
e 2 3 0 
e 2 4 0 
e 3 2 0 
e 3 5 0 
e 3 6 0 
e 4 2 0 
e 4 7 0 
e 4 8 0 
e 5 3 0 
e 6 3 0 
e 7 4 0 
e 8 4 0 
t # 137# (1, 730, 5)
v 0 2
v 2 0
v 3 0
v 4 0
v 5 102
v 6 0
v 9 1
v 10 0
e 0 2 0 
e 2 0 0 
e 2 3 0 
e 2 4 0 
e 3 2 0 
e 3 5 0 
e 3 6 0 
e 4 2 0 
e 5 3 0 
e 5 9 0 
e 6 3 0 
e 6 10 0 
e 9 5 0 
e 10 6 0 
t # 138# (1, 730, 7)
v 0 2
v 2 0
v 3 0
v 4 0
v 7 102
v 8 0
v 10 0
v 11 1
e 0 2 0 
e 2 0 0 
e 2 3 0 
e 2 4 0 
e 3 2 0 
e 4 2 0 
e 4 7 0 
e 4 8 0 
e 7 4 0 
e 7 11 0 
e 8 4 0 
e 8 10 0 
e 10 8 0 
e 11 7 0 
t # 139# (1, 750, 4)
v 0 0
v 1 0
v 2 0
v 3 0
v 4 102
v 5 0
v 6 0
v 10 1
e 0 1 0 
e 0 5 0 
e 1 0 0 
e 1 2 0 
e 2 1 0 
e 2 3 0 
e 2 6 0 
e 3 2 0 
e 3 4 0 
e 3 5 0 
e 4 3 0 
e 4 10 0 
e 5 0 0 
e 5 3 0 
e 6 2 0 
e 10 4 0 
t # 140# (1, 757, 0)
v 0 118
v 1 3
v 2 2
v 3 3
v 9 3
v 10 3
e 0 1 0 
e 0 2 0 
e 0 3 0 
e 0 9 0 
e 0 10 0 
e 1 0 0 
e 2 0 0 
e 3 0 0 
e 9 0 0 
e 10 0 0 
t # 141# (1, 765, 0)
v 0 110
v 1 2
v 2 2
v 3 2
v 4 2
v 5 2
v 6 2
e 0 1 0 
e 0 2 0 
e 0 3 0 
e 0 4 0 
e 0 5 0 
e 0 6 0 
e 1 0 0 
e 2 0 0 
e 3 0 0 
e 4 0 0 
e 5 0 0 
e 6 0 0 
t # 142# (1, 769, 6)
v 0 0
v 1 2
v 2 2
v 3 0
v 4 2
v 5 0
v 6 102
e 0 1 0 
e 0 2 0 
e 0 3 0 
e 1 0 0 
e 1 4 0 
e 1 5 0 
e 2 0 0 
e 2 6 0 
e 3 0 0 
e 4 1 0 
e 4 6 0 
e 5 1 0 
e 6 2 0 
e 6 4 0 
t # 143# (1, 772, 9)
v 0 0
v 2 0
v 3 0
v 6 2
v 7 2
v 8 2
v 9 102
e 0 2 0 
e 2 0 0 
e 2 3 0 
e 2 6 0 
e 3 2 0 
e 3 8 0 
e 6 2 0 
e 6 7 0 
e 6 9 0 
e 7 6 0 
e 7 8 0 
e 8 3 0 
e 8 7 0 
e 9 6 0 
t # 144# (1, 781, 0)
v 0 102
v 1 1
v 2 0
v 3 0
v 4 0
v 5 2
v 6 2
v 7 0
v 8 2
e 0 1 0 
e 0 2 0 
e 1 0 0 
e 2 0 0 
e 2 3 0 
e 2 4 0 
e 3 2 0 
e 3 5 0 
e 3 6 0 
e 4 2 0 
e 4 7 0 
e 4 8 0 
e 5 3 0 
e 6 3 0 
e 6 8 0 
e 7 4 0 
e 8 4 0 
e 8 6 0 
t # 145# (1, 802, 3)
v 0 0
v 1 2
v 2 0
v 3 102
v 4 0
v 5 0
v 6 2
v 7 1
v 8 1
v 9 0
e 0 1 0 
e 0 4 0 
e 1 0 0 
e 1 2 0 
e 1 3 0 
e 2 1 0 
e 2 5 0 
e 3 1 0 
e 3 6 0 
e 3 8 0 
e 4 0 0 
e 5 2 0 
e 6 3 0 
e 6 7 0 
e 7 6 0 
e 7 9 0 
e 8 3 0 
e 9 7 0 
t # 146# (1, 802, 6)
v 0 0
v 1 2
v 2 0
v 3 2
v 6 102
v 7 1
v 8 1
v 9 0
v 10 0
e 0 1 0 
e 1 0 0 
e 1 2 0 
e 1 3 0 
e 2 1 0 
e 3 1 0 
e 3 6 0 
e 3 8 0 
e 6 3 0 
e 6 7 0 
e 7 6 0 
e 7 9 0 
e 8 3 0 
e 9 7 0 
e 9 10 0 
e 10 9 0 
t # 147# (1, 802, 7)
v 1 2
v 3 2
v 6 2
v 7 101
v 8 1
v 9 0
v 10 0
v 11 0
e 1 3 0 
e 3 1 0 
e 3 6 0 
e 3 8 0 
e 6 3 0 
e 6 7 0 
e 7 6 0 
e 7 9 0 
e 8 3 0 
e 9 7 0 
e 9 10 0 
e 10 9 0 
e 10 11 0 
e 11 10 0 
t # 148# (1, 809, 6)
v 0 0
v 1 2
v 2 2
v 3 0
v 4 2
v 5 0
v 6 102
e 0 1 0 
e 0 2 0 
e 0 3 0 
e 1 0 0 
e 1 4 0 
e 1 5 0 
e 2 0 0 
e 2 6 0 
e 3 0 0 
e 4 1 0 
e 4 6 0 
e 5 1 0 
e 6 2 0 
e 6 4 0 
t # 149# (1, 834, 9)
v 2 1
v 3 0
v 4 15
v 6 0
v 7 1
v 8 0
v 9 100
v 10 1
e 2 4 0 
e 3 6 0 
e 4 2 0 
e 4 7 0 
e 6 3 0 
e 6 8 0 
e 7 4 0 
e 7 9 0 
e 8 6 0 
e 8 9 0 
e 9 7 0 
e 9 8 0 
e 9 10 0 
e 10 9 0 
t # 150# (1, 863, 0)
v 0 100
v 1 0
v 2 0
v 3 0
v 4 0
v 5 1
v 6 13
v 7 0
v 8 0
v 9 0
e 0 1 0 
e 0 3 0 
e 0 6 0 
e 1 0 0 
e 1 2 0 
e 2 1 0 
e 3 0 0 
e 3 4 0 
e 4 3 0 
e 4 5 0 
e 5 4 0 
e 6 0 0 
e 6 7 0 
e 6 8 0 
e 6 9 0 
e 7 6 0 
e 8 6 0 
e 9 6 0 
t # 151# (1, 874, 5)
v 2 0
v 3 2
v 4 2
v 5 101
v 6 0
e 2 3 0 
e 3 2 0 
e 3 4 0 
e 3 6 0 
e 4 3 0 
e 4 5 0 
e 5 4 0 
e 6 3 0 
t # 152# (1, 875, 7)
v 1 0
v 2 0
v 3 0
v 4 0
v 5 0
v 6 1
v 7 102
v 8 1
v 9 0
e 1 2 0 
e 1 9 0 
e 2 1 0 
e 2 3 0 
e 2 6 0 
e 3 2 0 
e 3 4 0 
e 3 7 0 
e 4 3 0 
e 4 5 0 
e 4 9 0 
e 5 4 0 
e 6 2 0 
e 7 3 0 
e 7 8 0 
e 8 7 0 
e 9 1 0 
e 9 4 0 
t # 153# (1, 878, 7)
v 0 5
v 3 0
v 4 0
v 6 0
v 7 102
v 8 0
v 9 0
v 10 1
e 0 4 0 
e 3 4 0 
e 4 0 0 
e 4 3 0 
e 4 6 0 
e 6 4 0 
e 6 7 0 
e 6 8 0 
e 7 6 0 
e 7 10 0 
e 8 6 0 
e 8 9 0 
e 9 8 0 
e 10 7 0 
t # 154# (1, 884, 3)
v 0 0
v 1 0
v 2 0
v 3 102
v 4 0
v 5 0
v 6 0
v 7 1
v 8 1
e 0 1 0 
e 0 2 0 
e 0 3 0 
e 0 4 0 
e 1 0 0 
e 1 5 0 
e 2 0 0 
e 2 6 0 
e 3 0 0 
e 3 7 0 
e 3 8 0 
e 4 0 0 
e 5 1 0 
e 6 2 0 
e 7 3 0 
e 8 3 0 
t # 155# (1, 885, 0)
v 0 100
v 1 0
v 2 0
v 3 23
v 4 0
v 5 0
v 6 1
e 0 1 0 
e 0 4 0 
e 0 5 0 
e 1 0 0 
e 1 2 0 
e 2 1 0 
e 2 3 0 
e 3 2 0 
e 3 4 0 
e 4 0 0 
e 4 3 0 
e 5 0 0 
e 5 6 0 
e 6 5 0 
t # 156# (1, 885, 1)
v 0 0
v 1 100
v 2 0
v 3 23
v 4 0
v 5 0
v 6 1
e 0 1 0 
e 0 4 0 
e 0 5 0 
e 1 0 0 
e 1 2 0 
e 2 1 0 
e 2 3 0 
e 3 2 0 
e 3 4 0 
e 4 0 0 
e 4 3 0 
e 5 0 0 
e 5 6 0 
e 6 5 0 
t # 157# (1, 903, 8)
v 0 0
v 1 0
v 2 0
v 3 0
v 4 0
v 8 102
v 9 1
e 0 1 0 
e 1 0 0 
e 1 2 0 
e 2 1 0 
e 2 3 0 
e 2 8 0 
e 3 2 0 
e 3 4 0 
e 4 3 0 
e 8 2 0 
e 8 9 0 
e 9 8 0 
t # 158# (1, 925, 5)
v 0 0
v 1 0
v 2 0
v 3 0
v 5 102
v 6 1
v 7 1
v 8 0
v 9 0
v 11 2
e 0 1 0 
e 0 2 0 
e 0 3 0 
e 1 0 0 
e 1 2 0 
e 1 5 0 
e 1 8 0 
e 2 0 0 
e 2 1 0 
e 2 9 0 
e 3 0 0 
e 5 1 0 
e 5 6 0 
e 5 7 0 
e 6 5 0 
e 7 5 0 
e 8 1 0 
e 8 11 0 
e 9 2 0 
e 11 8 0 
t # 159# (1, 940, 2)
v 0 0
v 1 0
v 2 101
v 3 0
v 4 2
v 5 13
v 6 0
v 7 0
v 8 0
v 10 0
e 0 1 0 
e 0 10 0 
e 1 0 0 
e 1 2 0 
e 1 3 0 
e 2 1 0 
e 2 5 0 
e 3 1 0 
e 3 4 0 
e 4 3 0 
e 5 2 0 
e 5 6 0 
e 5 7 0 
e 5 8 0 
e 6 5 0 
e 7 5 0 
e 8 5 0 
e 10 0 0 
t # 160# (1, 946, 6)
v 0 0
v 1 0
v 2 0
v 3 0
v 4 0
v 6 102
v 7 1
e 0 1 0 
e 1 0 0 
e 1 2 0 
e 2 1 0 
e 2 3 0 
e 2 6 0 
e 3 2 0 
e 3 4 0 
e 4 3 0 
e 6 2 0 
e 6 7 0 
e 7 6 0 
t # 161# (1, 977, 0)
v 0 102
v 1 1
v 2 0
v 3 0
v 4 0
v 5 0
v 6 0
e 0 1 0 
e 0 2 0 
e 1 0 0 
e 2 0 0 
e 2 3 0 
e 2 4 0 
e 3 2 0 
e 3 5 0 
e 4 2 0 
e 4 6 0 
e 5 3 0 
e 6 4 0 
t # 162# (1, 999, 0)
v 0 102
v 1 1
v 2 1
v 3 0
v 4 0
v 5 0
v 6 0
v 7 0
e 0 1 0 
e 0 2 0 
e 0 3 0 
e 1 0 0 
e 2 0 0 
e 3 0 0 
e 3 4 0 
e 3 5 0 
e 4 3 0 
e 4 6 0 
e 5 3 0 
e 5 7 0 
e 6 4 0 
e 7 5 0 
t # 163# (1, 1014, 8)
v 0 0
v 4 0
v 5 0
v 6 0
v 7 0
v 8 102
v 9 1
e 0 5 0 
e 4 5 0 
e 5 0 0 
e 5 4 0 
e 5 6 0 
e 6 5 0 
e 6 7 0 
e 6 8 0 
e 7 6 0 
e 8 6 0 
e 8 9 0 
e 9 8 0 
t # 164# (1, 1028, 6)
v 0 0
v 1 0
v 2 0
v 3 0
v 4 0
v 6 102
v 7 1
e 0 1 0 
e 1 0 0 
e 1 2 0 
e 2 1 0 
e 2 3 0 
e 2 6 0 
e 3 2 0 
e 3 4 0 
e 4 3 0 
e 6 2 0 
e 6 7 0 
e 7 6 0 
t # 165# (1, 1052, 1)
v 0 0
v 1 102
v 2 2
v 3 0
v 4 0
v 5 1
v 6 1
v 7 0
v 8 1
v 9 0
e 0 1 0 
e 0 3 0 
e 0 7 0 
e 0 9 0 
e 1 0 0 
e 1 2 0 
e 1 5 0 
e 2 1 0 
e 2 3 0 
e 2 6 0 
e 3 0 0 
e 3 2 0 
e 3 4 0 
e 3 8 0 
e 4 3 0 
e 5 1 0 
e 6 2 0 
e 7 0 0 
e 8 3 0 
e 9 0 0 
t # 166# (1, 1052, 2)
v 0 0
v 1 2
v 2 102
v 3 0
v 4 0
v 5 1
v 6 1
v 7 0
v 8 1
v 9 0
e 0 1 0 
e 0 3 0 
e 0 7 0 
e 0 9 0 
e 1 0 0 
e 1 2 0 
e 1 5 0 
e 2 1 0 
e 2 3 0 
e 2 6 0 
e 3 0 0 
e 3 2 0 
e 3 4 0 
e 3 8 0 
e 4 3 0 
e 5 1 0 
e 6 2 0 
e 7 0 0 
e 8 3 0 
e 9 0 0 
t # 167# (1, 1052, 5)
v 0 0
v 1 2
v 2 2
v 3 0
v 5 101
v 6 1
v 7 0
v 9 0
e 0 1 0 
e 0 3 0 
e 0 7 0 
e 0 9 0 
e 1 0 0 
e 1 2 0 
e 1 5 0 
e 2 1 0 
e 2 3 0 
e 2 6 0 
e 3 0 0 
e 3 2 0 
e 5 1 0 
e 6 2 0 
e 7 0 0 
e 9 0 0 
t # 168# (1, 1052, 6)
v 0 0
v 1 2
v 2 2
v 3 0
v 4 0
v 5 1
v 6 101
v 8 1
e 0 1 0 
e 0 3 0 
e 1 0 0 
e 1 2 0 
e 1 5 0 
e 2 1 0 
e 2 3 0 
e 2 6 0 
e 3 0 0 
e 3 2 0 
e 3 4 0 
e 3 8 0 
e 4 3 0 
e 5 1 0 
e 6 2 0 
e 8 3 0 
t # 169# (1, 1085, 6)
v 0 0
v 1 1
v 2 0
v 5 2
v 6 102
v 7 1
e 0 1 0 
e 0 5 0 
e 0 6 0 
e 1 0 0 
e 2 5 0 
e 5 0 0 
e 5 2 0 
e 6 0 0 
e 6 7 0 
e 7 6 0 
t # 170# (1, 1085, 7)
v 0 0
v 1 1
v 5 2
v 6 2
v 7 101
e 0 1 0 
e 0 5 0 
e 0 6 0 
e 1 0 0 
e 5 0 0 
e 6 0 0 
e 6 7 0 
e 7 6 0 
t # 171# (1, 1094, 0)
v 0 102
v 1 1
v 2 0
v 3 0
v 4 0
v 5 0
v 6 0
v 7 0
v 8 0
e 0 1 0 
e 0 2 0 
e 1 0 0 
e 2 0 0 
e 2 3 0 
e 2 4 0 
e 3 2 0 
e 3 5 0 
e 3 6 0 
e 4 2 0 
e 4 7 0 
e 4 8 0 
e 5 3 0 
e 6 3 0 
e 7 4 0 
e 8 4 0 
t # 172# (1, 1100, 2)
v 0 0
v 1 0
v 2 102
v 3 1
v 4 0
v 5 0
e 0 1 0 
e 1 0 0 
e 1 2 0 
e 1 4 0 
e 2 1 0 
e 2 3 0 
e 3 2 0 
e 4 1 0 
e 4 5 0 
e 5 4 0 
t # 173# (1, 1101, 0)
v 0 100
v 1 0
v 2 0
v 3 1
v 4 0
v 5 13
v 6 0
v 7 0
v 8 0
v 9 0
v 10 0
e 0 1 0 
e 0 4 0 
e 0 5 0 
e 1 0 0 
e 1 2 0 
e 2 1 0 
e 2 3 0 
e 3 2 0 
e 3 4 0 
e 4 0 0 
e 4 3 0 
e 4 9 0 
e 4 10 0 
e 5 0 0 
e 5 6 0 
e 5 7 0 
e 5 8 0 
e 6 5 0 
e 7 5 0 
e 8 5 0 
e 9 4 0 
e 10 4 0 
t # 174# (1, 1120, 8)
v 0 2
v 1 0
v 2 0
v 3 0
v 4 0
v 7 1
v 8 102
v 9 1
v 10 2
e 0 1 0 
e 1 0 0 
e 1 2 0 
e 1 7 0 
e 2 1 0 
e 2 3 0 
e 2 8 0 
e 3 2 0 
e 3 4 0 
e 3 10 0 
e 4 3 0 
e 7 1 0 
e 8 2 0 
e 8 9 0 
e 9 8 0 
e 9 10 0 
e 10 3 0 
e 10 9 0 
t # 175# (1, 1120, 9)
v 1 0
v 2 0
v 3 0
v 4 0
v 8 2
v 9 101
v 10 2
e 1 2 0 
e 2 1 0 
e 2 3 0 
e 2 8 0 
e 3 2 0 
e 3 4 0 
e 3 10 0 
e 4 3 0 
e 8 2 0 
e 8 9 0 
e 9 8 0 
e 9 10 0 
e 10 3 0 
e 10 9 0 
t # 176# (1, 1120, 10)
v 1 0
v 2 0
v 3 0
v 4 0
v 5 0
v 8 2
v 9 1
v 10 102
e 1 2 0 
e 2 1 0 
e 2 3 0 
e 2 8 0 
e 3 2 0 
e 3 4 0 
e 3 10 0 
e 4 3 0 
e 4 5 0 
e 5 4 0 
e 8 2 0 
e 8 9 0 
e 9 8 0 
e 9 10 0 
e 10 3 0 
e 10 9 0 
t # 177# (1, 1134, 5)
v 0 0
v 1 0
v 2 2
v 3 0
v 4 0
v 5 102
v 6 1
v 7 2
v 8 1
v 9 0
e 0 1 0 
e 1 0 0 
e 1 2 0 
e 2 1 0 
e 2 3 0 
e 2 5 0 
e 3 2 0 
e 3 4 0 
e 4 3 0 
e 5 2 0 
e 5 6 0 
e 5 7 0 
e 6 5 0 
e 7 5 0 
e 7 8 0 
e 8 7 0 
e 8 9 0 
e 9 8 0 
t # 178# (1, 1134, 7)
v 1 0
v 2 2
v 3 0
v 5 2
v 6 1
v 7 102
v 8 1
v 9 0
v 10 0
e 1 2 0 
e 2 1 0 
e 2 3 0 
e 2 5 0 
e 3 2 0 
e 5 2 0 
e 5 6 0 
e 5 7 0 
e 6 5 0 
e 7 5 0 
e 7 8 0 
e 8 7 0 
e 8 9 0 
e 9 8 0 
e 9 10 0 
e 10 9 0 
t # 179# (1, 1134, 8)
v 2 2
v 5 2
v 6 1
v 7 2
v 8 101
v 9 0
v 10 0
e 2 5 0 
e 5 2 0 
e 5 6 0 
e 5 7 0 
e 6 5 0 
e 7 5 0 
e 7 8 0 
e 8 7 0 
e 8 9 0 
e 9 8 0 
e 9 10 0 
e 10 9 0 
t # 180# (1, 1143, 6)
v 0 0
v 1 0
v 2 0
v 3 1
v 6 102
v 7 1
v 10 2
e 0 1 0 
e 0 2 0 
e 0 3 0 
e 1 0 0 
e 2 0 0 
e 2 6 0 
e 2 7 0 
e 3 0 0 
e 6 2 0 
e 6 10 0 
e 7 2 0 
e 10 6 0 
t # 181# (1, 1143, 8)
v 0 0
v 1 0
v 4 0
v 5 1
v 8 102
v 9 1
v 11 2
e 0 1 0 
e 1 0 0 
e 1 4 0 
e 1 5 0 
e 4 1 0 
e 4 8 0 
e 4 9 0 
e 5 1 0 
e 8 4 0 
e 8 11 0 
e 9 4 0 
e 11 8 0 
t # 182# (1, 1159, 6)
v 0 0
v 1 2
v 2 2
v 3 0
v 4 2
v 5 0
v 6 102
e 0 1 0 
e 0 2 0 
e 0 3 0 
e 1 0 0 
e 1 4 0 
e 1 5 0 
e 2 0 0 
e 2 6 0 
e 3 0 0 
e 4 1 0 
e 4 6 0 
e 5 1 0 
e 6 2 0 
e 6 4 0 
t # 183# (1, 1200, 0)
v 0 103
v 1 12
e 0 1 0 
e 1 0 0 
t # 184# (1, 1200, 1)
v 0 3
v 1 112
e 0 1 0 
e 1 0 0 
t # 185# (1, 1228, 4)
v 0 0
v 1 2
v 2 2
v 3 1
v 4 101
e 0 1 0 
e 0 2 0 
e 0 3 0 
e 1 0 0 
e 1 4 0 
e 2 0 0 
e 3 0 0 
e 4 1 0 
t # 186# (1, 1245, 0)
v 0 115
v 1 3
v 2 3
e 0 1 0 
e 0 2 0 
e 1 0 0 
e 2 0 0 
t # 187# (1, 1245, 1)
v 0 15
v 1 103
v 2 3
e 0 1 0 
e 0 2 0 
e 1 0 0 
e 2 0 0 
t # 188# (1, 1245, 2)
v 0 15
v 1 3
v 2 103
e 0 1 0 
e 0 2 0 
e 1 0 0 
e 2 0 0 
t # 189# (1, 1258, 3)
v 0 0
v 1 0
v 2 0
v 3 102
v 4 1
v 5 2
v 10 0
e 0 1 0 
e 0 5 0 
e 0 10 0 
e 1 0 0 
e 1 2 0 
e 1 3 0 
e 2 1 0 
e 3 1 0 
e 3 4 0 
e 4 3 0 
e 5 0 0 
e 10 0 0 
t # 190# (1, 1259, 9)
v 1 0
v 2 0
v 4 2
v 5 2
v 7 0
v 8 2
v 9 102
v 10 2
e 1 2 0 
e 2 1 0 
e 2 4 0 
e 2 5 0 
e 4 2 0 
e 4 8 0 
e 4 9 0 
e 5 2 0 
e 5 10 0 
e 7 8 0 
e 8 4 0 
e 8 7 0 
e 9 4 0 
e 9 10 0 
e 10 5 0 
e 10 9 0 
t # 191# (1, 1259, 10)
v 1 0
v 2 0
v 4 2
v 5 2
v 8 2
v 9 2
v 10 102
e 1 2 0 
e 2 1 0 
e 2 4 0 
e 2 5 0 
e 4 2 0 
e 4 8 0 
e 4 9 0 
e 5 2 0 
e 5 10 0 
e 8 4 0 
e 9 4 0 
e 9 10 0 
e 10 5 0 
e 10 9 0 
t # 192# (1, 1267, 1)
v 0 31
v 1 100
v 2 0
v 3 3
v 4 3
v 5 0
v 6 0
e 0 1 0 
e 0 2 0 
e 0 3 0 
e 0 4 0 
e 1 0 0 
e 1 5 0 
e 2 0 0 
e 2 6 0 
e 3 0 0 
e 4 0 0 
e 5 1 0 
e 6 2 0 
t # 193# (1, 1267, 2)
v 0 31
v 1 0
v 2 100
v 3 3
v 4 3
v 5 0
v 6 0
e 0 1 0 
e 0 2 0 
e 0 3 0 
e 0 4 0 
e 1 0 0 
e 1 5 0 
e 2 0 0 
e 2 6 0 
e 3 0 0 
e 4 0 0 
e 5 1 0 
e 6 2 0 
t # 194# (1, 1283, 5)
v 0 0
v 1 2
v 2 0
v 3 0
v 4 0
v 5 102
v 6 1
e 0 1 0 
e 0 2 0 
e 1 0 0 
e 2 0 0 
e 2 3 0 
e 2 4 0 
e 2 5 0 
e 3 2 0 
e 4 2 0 
e 5 2 0 
e 5 6 0 
e 6 5 0 
t # 195# (1, 1288, 3)
v 0 0
v 1 2
v 2 0
v 3 102
v 4 0
v 5 0
v 6 2
v 7 1
v 8 1
v 9 0
e 0 1 0 
e 0 4 0 
e 1 0 0 
e 1 2 0 
e 1 3 0 
e 2 1 0 
e 2 5 0 
e 3 1 0 
e 3 6 0 
e 3 8 0 
e 4 0 0 
e 5 2 0 
e 6 3 0 
e 6 7 0 
e 7 6 0 
e 7 9 0 
e 8 3 0 
e 9 7 0 
t # 196# (1, 1288, 6)
v 0 0
v 1 2
v 2 0
v 3 2
v 6 102
v 7 1
v 8 1
v 9 0
v 10 0
e 0 1 0 
e 1 0 0 
e 1 2 0 
e 1 3 0 
e 2 1 0 
e 3 1 0 
e 3 6 0 
e 3 8 0 
e 6 3 0 
e 6 7 0 
e 7 6 0 
e 7 9 0 
e 8 3 0 
e 9 7 0 
e 9 10 0 
e 10 9 0 
t # 197# (1, 1288, 7)
v 1 2
v 3 2
v 6 2
v 7 101
v 8 1
v 9 0
v 10 0
e 1 3 0 
e 3 1 0 
e 3 6 0 
e 3 8 0 
e 6 3 0 
e 6 7 0 
e 7 6 0 
e 7 9 0 
e 8 3 0 
e 9 7 0 
e 9 10 0 
e 10 9 0 
t # 198# (1, 1310, 6)
v 1 0
v 4 7
v 5 0
v 6 104
v 7 2
v 8 0
v 9 0
e 1 4 0 
e 4 1 0 
e 4 5 0 
e 5 4 0 
e 5 6 0 
e 5 7 0 
e 6 5 0 
e 7 5 0 
e 7 8 0 
e 7 9 0 
e 8 7 0 
e 9 7 0 
t # 199# (1, 1311, 3)
v 0 0
v 1 0
v 2 0
v 3 100
v 4 0
v 5 0
v 6 2
v 7 1
v 8 1
v 9 0
v 10 33
v 11 3
e 0 1 0 
e 0 5 0 
e 1 0 0 
e 1 2 0 
e 2 1 0 
e 2 3 0 
e 3 2 0 
e 3 4 0 
e 3 6 0 
e 3 9 0 
e 4 3 0 
e 4 5 0 
e 5 0 0 
e 5 4 0 
e 6 3 0 
e 6 7 0 
e 6 8 0 
e 7 6 0 
e 8 6 0 
e 9 3 0 
e 9 10 0 
e 10 9 0 
e 10 11 0 
e 11 10 0 
t # 200# (1, 1311, 6)
v 1 0
v 2 0
v 3 0
v 4 0
v 5 0
v 6 102
v 7 1
v 8 1
v 9 0
v 10 33
e 1 2 0 
e 2 1 0 
e 2 3 0 
e 3 2 0 
e 3 4 0 
e 3 6 0 
e 3 9 0 
e 4 3 0 
e 4 5 0 
e 5 4 0 
e 6 3 0 
e 6 7 0 
e 6 8 0 
e 7 6 0 
e 8 6 0 
e 9 3 0 
e 9 10 0 
e 10 9 0 
t # 201# (1, 1327, 10)
v 4 0
v 5 0
v 6 0
v 7 0
v 8 1
v 9 0
v 10 102
v 11 1
e 4 6 0 
e 5 7 0 
e 6 4 0 
e 6 8 0 
e 6 9 0 
e 7 5 0 
e 7 9 0 
e 8 6 0 
e 9 6 0 
e 9 7 0 
e 9 10 0 
e 10 9 0 
e 10 11 0 
e 11 10 0 
t # 202# (1, 1347, 0)
v 0 113
v 1 13
v 2 13
v 3 1
v 4 13
v 5 1
v 6 13
v 7 13
v 8 1
e 0 1 0 
e 0 2 0 
e 0 3 0 
e 1 0 0 
e 1 4 0 
e 1 5 0 
e 2 0 0 
e 2 3 0 
e 2 6 0 
e 3 0 0 
e 3 2 0 
e 4 1 0 
e 4 5 0 
e 4 7 0 
e 5 1 0 
e 5 4 0 
e 6 2 0 
e 6 7 0 
e 6 8 0 
e 7 4 0 
e 7 6 0 
e 7 8 0 
e 8 6 0 
e 8 7 0 
t # 203# (1, 1347, 1)
v 0 13
v 1 113
v 2 13
v 3 1
v 4 13
v 5 1
v 6 13
v 7 13
v 8 1
e 0 1 0 
e 0 2 0 
e 0 3 0 
e 1 0 0 
e 1 4 0 
e 1 5 0 
e 2 0 0 
e 2 3 0 
e 2 6 0 
e 3 0 0 
e 3 2 0 
e 4 1 0 
e 4 5 0 
e 4 7 0 
e 5 1 0 
e 5 4 0 
e 6 2 0 
e 6 7 0 
e 6 8 0 
e 7 4 0 
e 7 6 0 
e 7 8 0 
e 8 6 0 
e 8 7 0 
t # 204# (1, 1347, 2)
v 0 13
v 1 13
v 2 113
v 3 1
v 4 13
v 5 1
v 6 13
v 7 13
v 8 1
e 0 1 0 
e 0 2 0 
e 0 3 0 
e 1 0 0 
e 1 4 0 
e 1 5 0 
e 2 0 0 
e 2 3 0 
e 2 6 0 
e 3 0 0 
e 3 2 0 
e 4 1 0 
e 4 5 0 
e 4 7 0 
e 5 1 0 
e 5 4 0 
e 6 2 0 
e 6 7 0 
e 6 8 0 
e 7 4 0 
e 7 6 0 
e 7 8 0 
e 8 6 0 
e 8 7 0 
t # 205# (1, 1347, 3)
v 0 13
v 1 13
v 2 13
v 3 101
v 4 13
v 5 1
v 6 13
v 7 13
v 8 1
e 0 1 0 
e 0 2 0 
e 0 3 0 
e 1 0 0 
e 1 4 0 
e 1 5 0 
e 2 0 0 
e 2 3 0 
e 2 6 0 
e 3 0 0 
e 3 2 0 
e 4 1 0 
e 4 5 0 
e 4 7 0 
e 5 1 0 
e 5 4 0 
e 6 2 0 
e 6 7 0 
e 6 8 0 
e 7 4 0 
e 7 6 0 
e 7 8 0 
e 8 6 0 
e 8 7 0 
t # 206# (1, 1347, 4)
v 0 13
v 1 13
v 2 13
v 3 1
v 4 113
v 5 1
v 6 13
v 7 13
v 8 1
e 0 1 0 
e 0 2 0 
e 0 3 0 
e 1 0 0 
e 1 4 0 
e 1 5 0 
e 2 0 0 
e 2 3 0 
e 2 6 0 
e 3 0 0 
e 3 2 0 
e 4 1 0 
e 4 5 0 
e 4 7 0 
e 5 1 0 
e 5 4 0 
e 6 2 0 
e 6 7 0 
e 6 8 0 
e 7 4 0 
e 7 6 0 
e 7 8 0 
e 8 6 0 
e 8 7 0 
t # 207# (1, 1347, 5)
v 0 13
v 1 13
v 2 13
v 3 1
v 4 13
v 5 101
v 6 13
v 7 13
v 8 1
e 0 1 0 
e 0 2 0 
e 0 3 0 
e 1 0 0 
e 1 4 0 
e 1 5 0 
e 2 0 0 
e 2 3 0 
e 2 6 0 
e 3 0 0 
e 3 2 0 
e 4 1 0 
e 4 5 0 
e 4 7 0 
e 5 1 0 
e 5 4 0 
e 6 2 0 
e 6 7 0 
e 6 8 0 
e 7 4 0 
e 7 6 0 
e 7 8 0 
e 8 6 0 
e 8 7 0 
t # 208# (1, 1347, 6)
v 0 13
v 1 13
v 2 13
v 3 1
v 4 13
v 5 1
v 6 113
v 7 13
v 8 1
e 0 1 0 
e 0 2 0 
e 0 3 0 
e 1 0 0 
e 1 4 0 
e 1 5 0 
e 2 0 0 
e 2 3 0 
e 2 6 0 
e 3 0 0 
e 3 2 0 
e 4 1 0 
e 4 5 0 
e 4 7 0 
e 5 1 0 
e 5 4 0 
e 6 2 0 
e 6 7 0 
e 6 8 0 
e 7 4 0 
e 7 6 0 
e 7 8 0 
e 8 6 0 
e 8 7 0 
t # 209# (1, 1347, 7)
v 0 13
v 1 13
v 2 13
v 3 1
v 4 13
v 5 1
v 6 13
v 7 113
v 8 1
e 0 1 0 
e 0 2 0 
e 0 3 0 
e 1 0 0 
e 1 4 0 
e 1 5 0 
e 2 0 0 
e 2 3 0 
e 2 6 0 
e 3 0 0 
e 3 2 0 
e 4 1 0 
e 4 5 0 
e 4 7 0 
e 5 1 0 
e 5 4 0 
e 6 2 0 
e 6 7 0 
e 6 8 0 
e 7 4 0 
e 7 6 0 
e 7 8 0 
e 8 6 0 
e 8 7 0 
t # 210# (1, 1347, 8)
v 0 13
v 1 13
v 2 13
v 3 1
v 4 13
v 5 1
v 6 13
v 7 13
v 8 101
e 0 1 0 
e 0 2 0 
e 0 3 0 
e 1 0 0 
e 1 4 0 
e 1 5 0 
e 2 0 0 
e 2 3 0 
e 2 6 0 
e 3 0 0 
e 3 2 0 
e 4 1 0 
e 4 5 0 
e 4 7 0 
e 5 1 0 
e 5 4 0 
e 6 2 0 
e 6 7 0 
e 6 8 0 
e 7 4 0 
e 7 6 0 
e 7 8 0 
e 8 6 0 
e 8 7 0 
t # 211# (1, 1361, 9)
v 4 0
v 5 0
v 6 0
v 7 0
v 8 0
v 9 102
v 10 1
e 4 6 0 
e 5 7 0 
e 6 4 0 
e 6 8 0 
e 7 5 0 
e 7 8 0 
e 8 6 0 
e 8 7 0 
e 8 9 0 
e 9 8 0 
e 9 10 0 
e 10 9 0 
t # 212# (1, 1368, 0)
v 0 102
v 1 1
v 2 0
v 3 0
v 4 0
v 5 0
v 6 0
e 0 1 0 
e 0 2 0 
e 1 0 0 
e 2 0 0 
e 2 3 0 
e 2 4 0 
e 3 2 0 
e 3 5 0 
e 4 2 0 
e 4 6 0 
e 5 3 0 
e 6 4 0 
t # 213# (1, 1369, 3)
v 0 0
v 1 0
v 2 0
v 3 102
v 4 2
v 5 1
v 6 2
v 7 1
e 0 1 0 
e 0 2 0 
e 0 3 0 
e 1 0 0 
e 2 0 0 
e 3 0 0 
e 3 4 0 
e 4 3 0 
e 4 5 0 
e 4 6 0 
e 5 4 0 
e 6 4 0 
e 6 7 0 
e 7 6 0 
t # 214# (1, 1369, 4)
v 0 0
v 1 0
v 2 0
v 3 2
v 4 102
v 5 1
v 6 2
v 7 1
v 8 0
e 0 1 0 
e 0 2 0 
e 0 3 0 
e 1 0 0 
e 2 0 0 
e 3 0 0 
e 3 4 0 
e 4 3 0 
e 4 5 0 
e 4 6 0 
e 5 4 0 
e 6 4 0 
e 6 7 0 
e 7 6 0 
e 7 8 0 
e 8 7 0 
t # 215# (1, 1369, 5)
v 0 0
v 3 2
v 4 2
v 5 101
v 6 2
v 7 1
e 0 3 0 
e 3 0 0 
e 3 4 0 
e 4 3 0 
e 4 5 0 
e 4 6 0 
e 5 4 0 
e 6 4 0 
e 6 7 0 
e 7 6 0 
t # 216# (1, 1369, 6)
v 0 0
v 3 2
v 4 2
v 5 1
v 6 102
v 7 1
v 8 0
e 0 3 0 
e 3 0 0 
e 3 4 0 
e 4 3 0 
e 4 5 0 
e 4 6 0 
e 5 4 0 
e 6 4 0 
e 6 7 0 
e 7 6 0 
e 7 8 0 
e 8 7 0 
t # 217# (1, 1369, 7)
v 3 2
v 4 2
v 5 1
v 6 2
v 7 101
v 8 0
e 3 4 0 
e 4 3 0 
e 4 5 0 
e 4 6 0 
e 5 4 0 
e 6 4 0 
e 6 7 0 
e 7 6 0 
e 7 8 0 
e 8 7 0 
t # 218# (1, 1419, 9)
v 0 0
v 1 0
v 2 2
v 3 0
v 9 102
v 10 1
e 0 1 0 
e 0 3 0 
e 1 0 0 
e 1 2 0 
e 2 1 0 
e 2 3 0 
e 2 9 0 
e 3 0 0 
e 3 2 0 
e 9 2 0 
e 9 10 0 
e 10 9 0 
t # 219# (1, 1419, 10)
v 1 0
v 2 2
v 3 0
v 9 2
v 10 101
e 1 2 0 
e 2 1 0 
e 2 3 0 
e 2 9 0 
e 3 2 0 
e 9 2 0 
e 9 10 0 
e 10 9 0 
t # 220# (1, 1427, 1)
v 0 11
v 1 136
v 2 11
e 0 1 0 
e 1 0 0 
e 1 2 0 
e 2 1 0 
t # 221# (1, 1429, 7)
v 0 0
v 2 2
v 4 0
v 5 2
v 6 2
v 7 102
v 8 2
e 0 2 0 
e 2 0 0 
e 2 4 0 
e 2 5 0 
e 4 2 0 
e 4 6 0 
e 4 7 0 
e 5 2 0 
e 5 8 0 
e 6 4 0 
e 7 4 0 
e 7 8 0 
e 8 5 0 
e 8 7 0 
t # 222# (1, 1429, 8)
v 0 0
v 2 2
v 4 0
v 5 2
v 6 2
v 7 2
v 8 102
e 0 2 0 
e 2 0 0 
e 2 4 0 
e 2 5 0 
e 4 2 0 
e 4 6 0 
e 4 7 0 
e 5 2 0 
e 5 8 0 
e 6 4 0 
e 7 4 0 
e 7 8 0 
e 8 5 0 
e 8 7 0 
t # 223# (1, 1439, 1)
v 0 1
v 1 102
v 2 0
v 3 1
v 4 0
v 5 0
v 6 2
v 7 2
v 8 0
e 0 1 0 
e 1 0 0 
e 1 2 0 
e 1 3 0 
e 2 1 0 
e 2 4 0 
e 2 5 0 
e 3 1 0 
e 3 6 0 
e 4 2 0 
e 4 6 0 
e 4 7 0 
e 5 2 0 
e 5 8 0 
e 6 3 0 
e 6 4 0 
e 7 4 0 
e 8 5 0 
t # 224# (1, 1444, 7)
v 0 2
v 1 0
v 2 0
v 3 2
v 7 101
e 0 1 0 
e 0 2 0 
e 0 3 0 
e 1 0 0 
e 2 0 0 
e 3 0 0 
e 3 7 0 
e 7 3 0 
t # 225# (1, 1449, 7)
v 0 0
v 2 0
v 6 0
v 7 102
v 8 1
e 0 2 0 
e 2 0 0 
e 2 6 0 
e 6 2 0 
e 6 7 0 
e 7 6 0 
e 7 8 0 
e 8 7 0 
t # 226# (1, 1458, 2)
v 0 0
v 1 0
v 2 102
v 3 2
v 4 0
v 5 0
v 6 0
v 7 0
v 8 1
v 9 1
e 0 1 0 
e 0 3 0 
e 0 4 0 
e 0 5 0 
e 1 0 0 
e 1 2 0 
e 1 6 0 
e 1 7 0 
e 2 1 0 
e 2 3 0 
e 2 8 0 
e 3 0 0 
e 3 2 0 
e 3 9 0 
e 4 0 0 
e 5 0 0 
e 6 1 0 
e 7 1 0 
e 8 2 0 
e 9 3 0 
t # 227# (1, 1458, 3)
v 0 0
v 1 0
v 2 2
v 3 102
v 4 0
v 5 0
v 6 0
v 7 0
v 8 1
v 9 1
e 0 1 0 
e 0 3 0 
e 0 4 0 
e 0 5 0 
e 1 0 0 
e 1 2 0 
e 1 6 0 
e 1 7 0 
e 2 1 0 
e 2 3 0 
e 2 8 0 
e 3 0 0 
e 3 2 0 
e 3 9 0 
e 4 0 0 
e 5 0 0 
e 6 1 0 
e 7 1 0 
e 8 2 0 
e 9 3 0 
t # 228# (1, 1458, 8)
v 0 0
v 1 0
v 2 2
v 3 2
v 6 0
v 7 0
v 8 101
v 9 1
e 0 1 0 
e 0 3 0 
e 1 0 0 
e 1 2 0 
e 1 6 0 
e 1 7 0 
e 2 1 0 
e 2 3 0 
e 2 8 0 
e 3 0 0 
e 3 2 0 
e 3 9 0 
e 6 1 0 
e 7 1 0 
e 8 2 0 
e 9 3 0 
t # 229# (1, 1458, 9)
v 0 0
v 1 0
v 2 2
v 3 2
v 4 0
v 5 0
v 8 1
v 9 101
e 0 1 0 
e 0 3 0 
e 0 4 0 
e 0 5 0 
e 1 0 0 
e 1 2 0 
e 2 1 0 
e 2 3 0 
e 2 8 0 
e 3 0 0 
e 3 2 0 
e 3 9 0 
e 4 0 0 
e 5 0 0 
e 8 2 0 
e 9 3 0 
t # 230# (1, 1474, 9)
v 8 2
v 9 101
v 10 2
v 5 0
e 8 9 0 
e 8 10 0 
e 9 8 0 
e 10 8 0 
e 10 5 0 
e 5 10 0 
t # 231# (1, 1477, 5)
v 1 0
v 2 1
v 3 1
v 4 0
v 5 102
v 6 1
v 7 1
v 8 0
v 9 1
v 10 0
e 1 2 0 
e 1 3 0 
e 1 4 0 
e 2 1 0 
e 3 1 0 
e 4 1 0 
e 4 5 0 
e 4 8 0 
e 5 4 0 
e 5 6 0 
e 5 7 0 
e 6 5 0 
e 7 5 0 
e 8 4 0 
e 8 9 0 
e 8 10 0 
e 9 8 0 
e 10 8 0 
t # 232# (1, 1485, 5)
v 0 2
v 1 0
v 2 0
v 3 0
v 4 0
v 5 102
v 6 1
v 7 2
v 8 1
v 9 0
e 0 1 0 
e 0 3 0 
e 0 5 0 
e 1 0 0 
e 1 2 0 
e 2 1 0 
e 3 0 0 
e 3 4 0 
e 4 3 0 
e 5 0 0 
e 5 6 0 
e 5 7 0 
e 6 5 0 
e 7 5 0 
e 7 8 0 
e 8 7 0 
e 8 9 0 
e 9 8 0 
t # 233# (1, 1485, 7)
v 0 2
v 1 0
v 3 0
v 5 2
v 6 1
v 7 102
v 8 1
v 9 0
v 10 1
e 0 1 0 
e 0 3 0 
e 0 5 0 
e 1 0 0 
e 3 0 0 
e 5 0 0 
e 5 6 0 
e 5 7 0 
e 6 5 0 
e 7 5 0 
e 7 8 0 
e 8 7 0 
e 8 9 0 
e 9 8 0 
e 9 10 0 
e 10 9 0 
t # 234# (1, 1485, 8)
v 0 2
v 5 2
v 6 1
v 7 2
v 8 101
v 9 0
v 10 1
v 11 0
e 0 5 0 
e 5 0 0 
e 5 6 0 
e 5 7 0 
e 6 5 0 
e 7 5 0 
e 7 8 0 
e 8 7 0 
e 8 9 0 
e 9 8 0 
e 9 10 0 
e 10 9 0 
e 10 11 0 
e 11 10 0 
t # 235# (1, 1495, 0)
v 0 102
v 1 1
v 2 0
v 3 0
v 4 0
v 5 1
v 6 2
v 7 2
e 0 1 0 
e 0 2 0 
e 1 0 0 
e 2 0 0 
e 2 3 0 
e 2 4 0 
e 3 2 0 
e 3 5 0 
e 3 6 0 
e 4 2 0 
e 4 7 0 
e 5 3 0 
e 6 3 0 
e 7 4 0 
t # 236# (1, 1510, 5)
v 0 0
v 1 0
v 2 0
v 4 0
v 5 102
v 6 2
v 7 1
v 8 0
v 9 2
e 0 1 0 
e 0 5 0 
e 0 8 0 
e 1 0 0 
e 1 2 0 
e 1 6 0 
e 2 1 0 
e 4 8 0 
e 5 0 0 
e 5 7 0 
e 6 1 0 
e 6 7 0 
e 7 5 0 
e 7 6 0 
e 8 0 0 
e 8 4 0 
e 8 9 0 
e 9 8 0 
t # 237# (1, 1510, 6)
v 0 0
v 1 0
v 2 0
v 3 0
v 5 2
v 6 102
v 7 1
v 8 0
e 0 1 0 
e 0 5 0 
e 0 8 0 
e 1 0 0 
e 1 2 0 
e 1 6 0 
e 2 1 0 
e 2 3 0 
e 3 2 0 
e 5 0 0 
e 5 7 0 
e 6 1 0 
e 6 7 0 
e 7 5 0 
e 7 6 0 
e 8 0 0 
t # 238# (1, 1510, 7)
v 0 0
v 1 0
v 2 0
v 5 2
v 6 2
v 7 101
v 8 0
e 0 1 0 
e 0 5 0 
e 0 8 0 
e 1 0 0 
e 1 2 0 
e 1 6 0 
e 2 1 0 
e 5 0 0 
e 5 7 0 
e 6 1 0 
e 6 7 0 
e 7 5 0 
e 7 6 0 
e 8 0 0 
t # 239# (1, 1515, 1)
v 0 0
v 1 102
v 2 0
v 3 0
v 4 1
v 5 0
v 6 0
v 7 0
v 8 0
e 0 1 0 
e 0 2 0 
e 0 3 0 
e 1 0 0 
e 1 4 0 
e 2 0 0 
e 2 5 0 
e 2 6 0 
e 3 0 0 
e 3 7 0 
e 3 8 0 
e 4 1 0 
e 5 2 0 
e 5 6 0 
e 6 2 0 
e 6 5 0 
e 7 3 0 
e 7 8 0 
e 8 3 0 
e 8 7 0 
t # 240# (1, 1540, 4)
v 0 0
v 1 0
v 2 0
v 3 0
v 4 100
v 5 0
v 6 2
v 7 6
v 8 2
e 0 1 0 
e 0 5 0 
e 1 0 0 
e 1 2 0 
e 2 1 0 
e 2 3 0 
e 3 2 0 
e 3 4 0 
e 4 3 0 
e 4 5 0 
e 4 8 0 
e 5 0 0 
e 5 4 0 
e 5 6 0 
e 6 5 0 
e 6 7 0 
e 7 6 0 
e 7 8 0 
e 8 4 0 
e 8 7 0 
t # 241# (1, 1543, 10)
v 0 0
v 1 0
v 2 0
v 3 0
v 5 0
v 6 0
v 10 102
v 11 1
e 0 1 0 
e 1 0 0 
e 1 2 0 
e 1 6 0 
e 2 1 0 
e 2 5 0 
e 2 10 0 
e 3 5 0 
e 3 6 0 
e 5 2 0 
e 5 3 0 
e 6 1 0 
e 6 3 0 
e 10 2 0 
e 10 11 0 
e 11 10 0 
t # 242# (1, 1546, 7)
v 0 0
v 2 0
v 3 0
v 4 0
v 5 0
v 6 0
v 7 100
v 8 1
v 9 3
v 10 3
v 11 0
e 0 5 0 
e 2 3 0 
e 3 2 0 
e 3 4 0 
e 4 3 0 
e 4 5 0 
e 4 7 0 
e 5 0 0 
e 5 4 0 
e 5 6 0 
e 5 11 0 
e 6 5 0 
e 6 7 0 
e 6 9 0 
e 6 10 0 
e 7 4 0 
e 7 6 0 
e 7 8 0 
e 8 7 0 
e 9 6 0 
e 10 6 0 
e 11 5 0 
t # 243# (1, 1548, 1)
v 0 31
v 1 100
v 2 0
v 3 0
v 4 3
v 5 0
v 6 0
v 7 0
e 0 1 0 
e 0 2 0 
e 0 3 0 
e 0 4 0 
e 1 0 0 
e 1 5 0 
e 2 0 0 
e 2 6 0 
e 3 0 0 
e 3 7 0 
e 4 0 0 
e 5 1 0 
e 6 2 0 
e 7 3 0 
t # 244# (1, 1548, 2)
v 0 31
v 1 0
v 2 100
v 3 0
v 4 3
v 5 0
v 6 0
v 7 0
e 0 1 0 
e 0 2 0 
e 0 3 0 
e 0 4 0 
e 1 0 0 
e 1 5 0 
e 2 0 0 
e 2 6 0 
e 3 0 0 
e 3 7 0 
e 4 0 0 
e 5 1 0 
e 6 2 0 
e 7 3 0 
t # 245# (1, 1548, 3)
v 0 31
v 1 0
v 2 0
v 3 100
v 4 3
v 5 0
v 6 0
v 7 0
e 0 1 0 
e 0 2 0 
e 0 3 0 
e 0 4 0 
e 1 0 0 
e 1 5 0 
e 2 0 0 
e 2 6 0 
e 3 0 0 
e 3 7 0 
e 4 0 0 
e 5 1 0 
e 6 2 0 
e 7 3 0 
t # 246# (1, 1562, 9)
v 1 0
v 2 0
v 3 0
v 4 0
v 5 0
v 9 102
v 10 1
e 1 2 0 
e 2 1 0 
e 2 3 0 
e 3 2 0 
e 3 4 0 
e 3 9 0 
e 4 3 0 
e 4 5 0 
e 5 4 0 
e 9 3 0 
e 9 10 0 
e 10 9 0 
t # 247# (1, 1573, 4)
v 0 0
v 1 0
v 2 1
v 3 2
v 4 102
v 5 1
v 6 0
v 7 2
e 0 1 0 
e 0 4 0 
e 0 6 0 
e 1 0 0 
e 1 2 0 
e 1 3 0 
e 2 1 0 
e 3 1 0 
e 4 0 0 
e 4 5 0 
e 5 4 0 
e 6 0 0 
e 6 7 0 
e 7 6 0 
t # 248# (1, 1585, 6)
v 1 0
v 2 0
v 3 0
v 4 0
v 5 0
v 6 100
v 7 2
v 8 1
v 9 1
e 1 2 0 
e 2 1 0 
e 2 3 0 
e 3 2 0 
e 3 4 0 
e 3 6 0 
e 4 3 0 
e 4 5 0 
e 4 8 0 
e 5 4 0 
e 6 3 0 
e 6 7 0 
e 6 9 0 
e 7 6 0 
e 7 8 0 
e 8 4 0 
e 8 7 0 
e 9 6 0 
t # 249# (1, 1585, 7)
v 2 0
v 3 0
v 4 0
v 5 0
v 6 0
v 7 102
v 8 1
v 9 1
e 2 3 0 
e 3 2 0 
e 3 4 0 
e 3 6 0 
e 4 3 0 
e 4 5 0 
e 4 8 0 
e 5 4 0 
e 6 3 0 
e 6 7 0 
e 6 9 0 
e 7 6 0 
e 7 8 0 
e 8 4 0 
e 8 7 0 
e 9 6 0 
t # 250# (1, 1585, 8)
v 0 0
v 2 0
v 3 0
v 4 0
v 5 0
v 6 0
v 7 2
v 8 101
v 9 1
e 0 5 0 
e 2 3 0 
e 3 2 0 
e 3 4 0 
e 3 6 0 
e 4 3 0 
e 4 5 0 
e 4 8 0 
e 5 0 0 
e 5 4 0 
e 6 3 0 
e 6 7 0 
e 6 9 0 
e 7 6 0 
e 7 8 0 
e 8 4 0 
e 8 7 0 
e 9 6 0 
t # 251# (1, 1597, 3)
v 0 0
v 1 0
v 2 0
v 3 102
v 4 0
v 5 2
v 6 1
v 7 2
e 0 1 0 
e 1 0 0 
e 1 2 0 
e 1 3 0 
e 2 1 0 
e 2 4 0 
e 2 5 0 
e 3 1 0 
e 3 6 0 
e 4 2 0 
e 4 6 0 
e 4 7 0 
e 5 2 0 
e 6 3 0 
e 6 4 0 
e 7 4 0 
t # 252# (1, 1597, 6)
v 0 0
v 1 0
v 2 0
v 3 2
v 4 0
v 5 2
v 6 101
v 7 2
v 9 0
e 0 1 0 
e 1 0 0 
e 1 2 0 
e 1 3 0 
e 2 1 0 
e 2 4 0 
e 2 5 0 
e 3 1 0 
e 3 6 0 
e 4 2 0 
e 4 6 0 
e 4 7 0 
e 5 2 0 
e 6 3 0 
e 6 4 0 
e 7 4 0 
e 7 9 0 
e 9 7 0 
t # 253# (1, 1625, 0)
v 0 123
v 1 1
v 2 0
v 3 0
v 4 1
v 5 3
v 6 3
v 7 3
v 8 0
e 0 1 0 
e 0 4 0 
e 0 5 0 
e 0 6 0 
e 0 7 0 
e 1 0 0 
e 1 2 0 
e 2 1 0 
e 2 3 0 
e 3 2 0 
e 3 4 0 
e 3 8 0 
e 4 0 0 
e 4 3 0 
e 5 0 0 
e 6 0 0 
e 7 0 0 
e 8 3 0 
t # 254# (1, 1625, 1)
v 0 23
v 1 101
v 2 0
v 3 0
v 4 1
v 5 3
v 6 3
v 7 3
v 8 0
e 0 1 0 
e 0 4 0 
e 0 5 0 
e 0 6 0 
e 0 7 0 
e 1 0 0 
e 1 2 0 
e 2 1 0 
e 2 3 0 
e 3 2 0 
e 3 4 0 
e 3 8 0 
e 4 0 0 
e 4 3 0 
e 5 0 0 
e 6 0 0 
e 7 0 0 
e 8 3 0 
t # 255# (1, 1625, 2)
v 0 23
v 1 1
v 2 100
v 3 0
v 4 1
v 5 3
v 6 3
v 7 3
v 8 0
e 0 1 0 
e 0 4 0 
e 0 5 0 
e 0 6 0 
e 0 7 0 
e 1 0 0 
e 1 2 0 
e 2 1 0 
e 2 3 0 
e 3 2 0 
e 3 4 0 
e 3 8 0 
e 4 0 0 
e 4 3 0 
e 5 0 0 
e 6 0 0 
e 7 0 0 
e 8 3 0 
t # 256# (1, 1625, 3)
v 0 23
v 1 1
v 2 0
v 3 100
v 4 1
v 5 3
v 6 3
v 7 3
v 8 0
e 0 1 0 
e 0 4 0 
e 0 5 0 
e 0 6 0 
e 0 7 0 
e 1 0 0 
e 1 2 0 
e 2 1 0 
e 2 3 0 
e 3 2 0 
e 3 4 0 
e 3 8 0 
e 4 0 0 
e 4 3 0 
e 5 0 0 
e 6 0 0 
e 7 0 0 
e 8 3 0 
t # 257# (1, 1625, 4)
v 0 23
v 1 1
v 2 0
v 3 0
v 4 101
v 5 3
v 6 3
v 7 3
v 8 0
e 0 1 0 
e 0 4 0 
e 0 5 0 
e 0 6 0 
e 0 7 0 
e 1 0 0 
e 1 2 0 
e 2 1 0 
e 2 3 0 
e 3 2 0 
e 3 4 0 
e 3 8 0 
e 4 0 0 
e 4 3 0 
e 5 0 0 
e 6 0 0 
e 7 0 0 
e 8 3 0 
t # 258# (1, 1625, 5)
v 0 23
v 1 1
v 2 0
v 3 0
v 4 1
v 5 103
v 6 3
v 7 3
e 0 1 0 
e 0 4 0 
e 0 5 0 
e 0 6 0 
e 0 7 0 
e 1 0 0 
e 1 2 0 
e 2 1 0 
e 2 3 0 
e 3 2 0 
e 3 4 0 
e 4 0 0 
e 4 3 0 
e 5 0 0 
e 6 0 0 
e 7 0 0 
t # 259# (1, 1625, 6)
v 0 23
v 1 1
v 2 0
v 3 0
v 4 1
v 5 3
v 6 103
v 7 3
e 0 1 0 
e 0 4 0 
e 0 5 0 
e 0 6 0 
e 0 7 0 
e 1 0 0 
e 1 2 0 
e 2 1 0 
e 2 3 0 
e 3 2 0 
e 3 4 0 
e 4 0 0 
e 4 3 0 
e 5 0 0 
e 6 0 0 
e 7 0 0 
t # 260# (1, 1625, 7)
v 0 23
v 1 1
v 2 0
v 3 0
v 4 1
v 5 3
v 6 3
v 7 103
e 0 1 0 
e 0 4 0 
e 0 5 0 
e 0 6 0 
e 0 7 0 
e 1 0 0 
e 1 2 0 
e 2 1 0 
e 2 3 0 
e 3 2 0 
e 3 4 0 
e 4 0 0 
e 4 3 0 
e 5 0 0 
e 6 0 0 
e 7 0 0 
t # 261# (1, 1646, 5)
v 0 1
v 2 0
v 3 2
v 4 0
v 5 102
v 6 0
v 7 1
v 8 0
v 9 0
e 0 2 0 
e 2 0 0 
e 2 3 0 
e 2 4 0 
e 3 2 0 
e 3 5 0 
e 4 2 0 
e 4 6 0 
e 5 3 0 
e 5 7 0 
e 5 8 0 
e 6 4 0 
e 6 8 0 
e 7 5 0 
e 8 5 0 
e 8 6 0 
e 8 9 0 
e 9 8 0 
t # 262# (1, 1648, 7)
v 0 0
v 1 2
v 2 0
v 3 2
v 4 2
v 5 0
v 7 102
e 0 1 0 
e 0 2 0 
e 0 3 0 
e 1 0 0 
e 1 4 0 
e 1 5 0 
e 2 0 0 
e 3 0 0 
e 3 7 0 
e 4 1 0 
e 4 7 0 
e 5 1 0 
e 7 3 0 
e 7 4 0 
t # 263# (1, 1694, 0)
v 0 102
v 1 1
v 2 0
v 3 0
v 4 0
v 5 2
v 6 2
v 7 0
e 0 1 0 
e 0 2 0 
e 1 0 0 
e 2 0 0 
e 2 3 0 
e 2 4 0 
e 3 2 0 
e 3 5 0 
e 3 6 0 
e 4 2 0 
e 4 7 0 
e 5 3 0 
e 6 3 0 
e 7 4 0 
t # 264# (1, 1708, 10)
v 1 0
v 2 0
v 3 0
v 4 0
v 5 0
v 6 0
v 10 102
v 11 1
e 1 2 0 
e 2 1 0 
e 2 3 0 
e 3 2 0 
e 3 4 0 
e 3 10 0 
e 4 3 0 
e 4 5 0 
e 4 6 0 
e 5 4 0 
e 6 4 0 
e 10 3 0 
e 10 11 0 
e 11 10 0 
t # 265# (1, 1709, 2)
v 0 2
v 1 0
v 2 102
v 3 2
v 4 2
v 5 2
v 6 0
e 0 1 0 
e 0 6 0 
e 1 0 0 
e 1 2 0 
e 1 5 0 
e 2 1 0 
e 2 3 0 
e 3 2 0 
e 3 4 0 
e 4 3 0 
e 4 5 0 
e 5 1 0 
e 5 4 0 
e 6 0 0 
t # 266# (1, 1709, 3)
v 0 2
v 1 0
v 2 2
v 3 102
v 4 2
v 5 2
e 0 1 0 
e 1 0 0 
e 1 2 0 
e 1 5 0 
e 2 1 0 
e 2 3 0 
e 3 2 0 
e 3 4 0 
e 4 3 0 
e 4 5 0 
e 5 1 0 
e 5 4 0 
t # 267# (1, 1709, 4)
v 0 2
v 1 0
v 2 2
v 3 2
v 4 102
v 5 2
e 0 1 0 
e 1 0 0 
e 1 2 0 
e 1 5 0 
e 2 1 0 
e 2 3 0 
e 3 2 0 
e 3 4 0 
e 4 3 0 
e 4 5 0 
e 5 1 0 
e 5 4 0 
t # 268# (1, 1709, 5)
v 0 2
v 1 0
v 2 2
v 3 2
v 4 2
v 5 102
v 6 0
e 0 1 0 
e 0 6 0 
e 1 0 0 
e 1 2 0 
e 1 5 0 
e 2 1 0 
e 2 3 0 
e 3 2 0 
e 3 4 0 
e 4 3 0 
e 4 5 0 
e 5 1 0 
e 5 4 0 
e 6 0 0 
t # 269# (1, 1715, 7)
v 3 0
v 5 2
v 6 0
v 7 100
v 8 1
v 9 2
v 10 1
e 3 5 0 
e 5 3 0 
e 5 6 0 
e 6 5 0 
e 6 7 0 
e 7 6 0 
e 7 8 0 
e 7 9 0 
e 8 7 0 
e 9 7 0 
e 9 10 0 
e 10 9 0 
t # 270# (1, 1715, 9)
v 5 2
v 6 0
v 7 0
v 8 1
v 9 102
v 10 1
e 5 6 0 
e 6 5 0 
e 6 7 0 
e 7 6 0 
e 7 8 0 
e 7 9 0 
e 8 7 0 
e 9 7 0 
e 9 10 0 
e 10 9 0 
t # 271# (1, 1727, 0)
v 0 102
v 1 1
v 2 0
v 3 0
v 4 0
v 5 1
v 6 0
v 7 0
e 0 1 0 
e 0 2 0 
e 1 0 0 
e 2 0 0 
e 2 3 0 
e 2 4 0 
e 3 2 0 
e 3 5 0 
e 3 6 0 
e 4 2 0 
e 4 7 0 
e 5 3 0 
e 6 3 0 
e 7 4 0 
t # 272# (1, 1730, 5)
v 0 0
v 1 0
v 2 0
v 3 0
v 4 1
v 5 101
v 6 2
v 7 2
e 0 1 0 
e 0 6 0 
e 0 7 0 
e 1 0 0 
e 1 2 0 
e 2 1 0 
e 2 3 0 
e 2 5 0 
e 3 2 0 
e 3 4 0 
e 4 3 0 
e 5 2 0 
e 5 6 0 
e 6 0 0 
e 6 5 0 
e 7 0 0 
t # 273# (1, 1730, 7)
v 0 0
v 1 0
v 2 0
v 5 1
v 6 2
v 7 102
v 8 1
v 9 1
e 0 1 0 
e 0 6 0 
e 0 7 0 
e 1 0 0 
e 1 2 0 
e 2 1 0 
e 2 5 0 
e 5 2 0 
e 5 6 0 
e 6 0 0 
e 6 5 0 
e 7 0 0 
e 7 8 0 
e 7 9 0 
e 8 7 0 
e 9 7 0 
t # 274# (1, 1740, 2)
v 0 3
v 1 0
v 2 100
v 3 2
v 4 0
v 5 0
v 6 0
v 7 6
v 8 0
v 9 0
v 10 0
e 0 1 0 
e 1 0 0 
e 1 2 0 
e 1 3 0 
e 2 1 0 
e 2 4 0 
e 2 5 0 
e 3 1 0 
e 3 6 0 
e 3 7 0 
e 4 2 0 
e 4 7 0 
e 4 8 0 
e 5 2 0 
e 5 9 0 
e 6 3 0 
e 7 3 0 
e 7 4 0 
e 8 4 0 
e 8 10 0 
e 9 5 0 
e 9 10 0 
e 10 8 0 
e 10 9 0 
t # 275# (1, 1742, 3)
v 0 0
v 1 2
v 2 0
v 3 102
v 4 0
v 5 0
v 6 2
v 7 1
v 8 1
e 0 1 0 
e 0 4 0 
e 1 0 0 
e 1 2 0 
e 1 3 0 
e 2 1 0 
e 2 5 0 
e 3 1 0 
e 3 6 0 
e 3 8 0 
e 4 0 0 
e 5 2 0 
e 6 3 0 
e 6 7 0 
e 7 6 0 
e 8 3 0 
t # 276# (1, 1742, 6)
v 0 0
v 1 2
v 2 0
v 3 2
v 6 102
v 7 1
v 8 1
e 0 1 0 
e 1 0 0 
e 1 2 0 
e 1 3 0 
e 2 1 0 
e 3 1 0 
e 3 6 0 
e 3 8 0 
e 6 3 0 
e 6 7 0 
e 7 6 0 
e 8 3 0 
t # 277# (1, 1742, 7)
v 1 2
v 3 2
v 6 2
v 7 101
v 8 1
e 1 3 0 
e 3 1 0 
e 3 6 0 
e 3 8 0 
e 6 3 0 
e 6 7 0 
e 7 6 0 
e 8 3 0 
t # 278# (0, 1763, 3)
v 0 0
v 1 0
v 2 0
v 3 100
v 4 0
v 5 0
v 6 0
v 9 6
v 16 6
e 0 1 0 
e 0 5 0 
e 1 0 0 
e 1 2 0 
e 2 1 0 
e 2 3 0 
e 3 2 0 
e 3 4 0 
e 4 3 0 
e 4 5 0 
e 4 9 0 
e 5 0 0 
e 5 4 0 
e 5 6 0 
e 6 5 0 
e 9 4 0 
e 9 16 0 
e 16 9 0 
t # 279# (0, 1763, 11)
v 9 6
v 10 0
v 11 100
v 12 0
v 13 0
v 14 0
v 15 0
v 16 6
v 17 0
e 9 16 0 
e 10 11 0 
e 10 15 0 
e 11 10 0 
e 11 12 0 
e 12 11 0 
e 12 13 0 
e 12 16 0 
e 13 12 0 
e 13 14 0 
e 13 17 0 
e 14 13 0 
e 14 15 0 
e 15 10 0 
e 15 14 0 
e 16 9 0 
e 16 12 0 
e 17 13 0 
t # 280# (1, 1776, 4)
v 0 1
v 1 0
v 2 0
v 3 0
v 4 102
v 5 2
v 6 1
v 7 1
e 0 1 0 
e 1 0 0 
e 1 2 0 
e 2 1 0 
e 2 3 0 
e 2 4 0 
e 3 2 0 
e 4 2 0 
e 4 5 0 
e 4 7 0 
e 5 4 0 
e 5 6 0 
e 6 5 0 
e 7 4 0 
t # 281# (1, 1776, 5)
v 1 0
v 2 0
v 3 0
v 4 2
v 5 102
v 6 1
v 7 1
e 1 2 0 
e 2 1 0 
e 2 3 0 
e 2 4 0 
e 3 2 0 
e 4 2 0 
e 4 5 0 
e 4 7 0 
e 5 4 0 
e 5 6 0 
e 6 5 0 
e 7 4 0 
t # 282# (1, 1776, 6)
v 2 0
v 4 2
v 5 2
v 6 101
v 7 1
e 2 4 0 
e 4 2 0 
e 4 5 0 
e 4 7 0 
e 5 4 0 
e 5 6 0 
e 6 5 0 
e 7 4 0 
t # 283# (1, 1780, 5)
v 0 0
v 1 0
v 2 0
v 3 0
v 4 0
v 5 101
v 6 13
v 7 0
v 8 2
v 9 0
v 10 0
e 0 1 0 
e 0 4 0 
e 1 0 0 
e 1 2 0 
e 2 1 0 
e 2 3 0 
e 3 2 0 
e 3 4 0 
e 3 8 0 
e 4 0 0 
e 4 3 0 
e 4 5 0 
e 5 4 0 
e 5 6 0 
e 6 5 0 
e 6 7 0 
e 6 9 0 
e 6 10 0 
e 7 6 0 
e 8 3 0 
e 9 6 0 
e 10 6 0 
t # 284# (1, 1786, 1)
v 0 0
v 1 102
v 2 2
v 3 0
v 4 1
v 5 0
v 6 0
v 7 0
v 8 0
e 0 1 0 
e 0 3 0 
e 0 7 0 
e 0 8 0 
e 1 0 0 
e 1 2 0 
e 2 1 0 
e 2 3 0 
e 2 4 0 
e 3 0 0 
e 3 2 0 
e 3 5 0 
e 3 6 0 
e 4 2 0 
e 5 3 0 
e 6 3 0 
e 7 0 0 
e 8 0 0 
t # 285# (1, 1786, 2)
v 0 0
v 1 2
v 2 102
v 3 0
v 4 1
v 5 0
v 6 0
v 7 0
v 8 0
e 0 1 0 
e 0 3 0 
e 0 7 0 
e 0 8 0 
e 1 0 0 
e 1 2 0 
e 2 1 0 
e 2 3 0 
e 2 4 0 
e 3 0 0 
e 3 2 0 
e 3 5 0 
e 3 6 0 
e 4 2 0 
e 5 3 0 
e 6 3 0 
e 7 0 0 
e 8 0 0 
t # 286# (1, 1795, 0)
v 0 100
v 1 1
v 2 0
v 3 1
v 4 2
v 5 0
v 6 2
e 0 1 0 
e 0 2 0 
e 0 3 0 
e 1 0 0 
e 1 4 0 
e 2 0 0 
e 2 5 0 
e 3 0 0 
e 4 1 0 
e 4 6 0 
e 5 2 0 
e 6 4 0 
t # 287# (1, 1795, 1)
v 0 0
v 1 101
v 2 0
v 3 1
v 4 2
v 5 0
v 6 2
v 7 1
v 8 1
e 0 1 0 
e 0 2 0 
e 0 3 0 
e 1 0 0 
e 1 4 0 
e 2 0 0 
e 2 5 0 
e 3 0 0 
e 4 1 0 
e 4 6 0 
e 5 2 0 
e 6 4 0 
e 6 7 0 
e 6 8 0 
e 7 6 0 
e 8 6 0 
t # 288# (1, 1795, 4)
v 0 0
v 1 1
v 2 0
v 3 1
v 4 102
v 6 2
v 7 1
v 8 1
e 0 1 0 
e 0 2 0 
e 0 3 0 
e 1 0 0 
e 1 4 0 
e 2 0 0 
e 3 0 0 
e 4 1 0 
e 4 6 0 
e 6 4 0 
e 6 7 0 
e 6 8 0 
e 7 6 0 
e 8 6 0 
t # 289# (1, 1795, 6)
v 0 0
v 1 1
v 4 2
v 6 102
v 7 1
v 8 1
e 0 1 0 
e 1 0 0 
e 1 4 0 
e 4 1 0 
e 4 6 0 
e 6 4 0 
e 6 7 0 
e 6 8 0 
e 7 6 0 
e 8 6 0 
t # 290# (1, 1795, 7)
v 1 1
v 4 2
v 6 2
v 7 101
v 8 1
e 1 4 0 
e 4 1 0 
e 4 6 0 
e 6 4 0 
e 6 7 0 
e 6 8 0 
e 7 6 0 
e 8 6 0 
t # 291# (1, 1795, 8)
v 1 1
v 4 2
v 6 2
v 7 1
v 8 101
e 1 4 0 
e 4 1 0 
e 4 6 0 
e 6 4 0 
e 6 7 0 
e 6 8 0 
e 7 6 0 
e 8 6 0 
t # 292# (1, 1801, 0)
v 0 102
v 1 1
v 2 0
v 3 0
v 4 0
v 5 1
v 6 0
v 7 0
e 0 1 0 
e 0 2 0 
e 1 0 0 
e 2 0 0 
e 2 3 0 
e 2 4 0 
e 3 2 0 
e 3 5 0 
e 3 6 0 
e 4 2 0 
e 4 7 0 
e 5 3 0 
e 6 3 0 
e 7 4 0 
t # 293# (1, 1802, 5)
v 0 2
v 1 0
v 2 0
v 5 102
v 6 2
v 7 2
v 8 2
e 0 1 0 
e 0 2 0 
e 1 0 0 
e 2 0 0 
e 2 5 0 
e 2 6 0 
e 5 2 0 
e 5 7 0 
e 6 2 0 
e 6 8 0 
e 7 5 0 
e 7 8 0 
e 8 6 0 
e 8 7 0 
t # 294# (1, 1802, 6)
v 0 2
v 1 0
v 2 0
v 5 2
v 6 102
v 7 2
v 8 2
e 0 1 0 
e 0 2 0 
e 1 0 0 
e 2 0 0 
e 2 5 0 
e 2 6 0 
e 5 2 0 
e 5 7 0 
e 6 2 0 
e 6 8 0 
e 7 5 0 
e 7 8 0 
e 8 6 0 
e 8 7 0 
t # 295# (1, 1802, 7)
v 0 2
v 2 0
v 5 2
v 6 2
v 7 102
v 8 2
e 0 2 0 
e 2 0 0 
e 2 5 0 
e 2 6 0 
e 5 2 0 
e 5 7 0 
e 6 2 0 
e 6 8 0 
e 7 5 0 
e 7 8 0 
e 8 6 0 
e 8 7 0 
t # 296# (1, 1802, 8)
v 0 2
v 2 0
v 5 2
v 6 2
v 7 2
v 8 102
e 0 2 0 
e 2 0 0 
e 2 5 0 
e 2 6 0 
e 5 2 0 
e 5 7 0 
e 6 2 0 
e 6 8 0 
e 7 5 0 
e 7 8 0 
e 8 6 0 
e 8 7 0 
t # 297# (0, 1809, 43)
v 40 0
v 41 0
v 42 0
v 43 101
v 44 2
v 45 0
v 46 2
e 40 41 0 
e 40 44 0 
e 40 46 0 
e 41 40 0 
e 41 42 0 
e 42 41 0 
e 42 43 0 
e 42 45 0 
e 43 42 0 
e 43 44 0 
e 44 40 0 
e 44 43 0 
e 45 42 0 
e 46 40 0 
t # 298# (1, 1812, 8)
v 5 0
v 6 0
v 7 5
v 8 100
v 9 4
v 10 4
e 5 6 0 
e 6 5 0 
e 6 7 0 
e 7 6 0 
e 7 8 0 
e 8 7 0 
e 8 9 0 
e 8 10 0 
e 9 8 0 
e 10 8 0 
t # 299# (1, 1849, 1)
v 0 0
v 1 102
v 2 1
v 3 0
v 4 2
v 5 0
v 6 2
e 0 1 0 
e 0 2 0 
e 0 3 0 
e 1 0 0 
e 1 4 0 
e 2 0 0 
e 3 0 0 
e 3 5 0 
e 3 6 0 
e 4 1 0 
e 5 3 0 
e 6 3 0 
t # 300# (1, 1849, 6)
v 0 0
v 1 2
v 2 1
v 3 0
v 5 0
v 6 102
v 7 0
v 8 2
v 9 1
e 0 1 0 
e 0 2 0 
e 0 3 0 
e 1 0 0 
e 2 0 0 
e 3 0 0 
e 3 5 0 
e 3 6 0 
e 5 3 0 
e 5 7 0 
e 5 8 0 
e 6 3 0 
e 6 9 0 
e 7 5 0 
e 8 5 0 
e 8 9 0 
e 9 6 0 
e 9 8 0 
t # 301# (1, 1849, 8)
v 0 0
v 3 0
v 5 0
v 6 2
v 7 0
v 8 102
v 9 1
e 0 3 0 
e 3 0 0 
e 3 5 0 
e 3 6 0 
e 5 3 0 
e 5 7 0 
e 5 8 0 
e 6 3 0 
e 6 9 0 
e 7 5 0 
e 8 5 0 
e 8 9 0 
e 9 6 0 
e 9 8 0 
t # 302# (1, 1849, 9)
v 0 0
v 3 0
v 5 0
v 6 2
v 7 0
v 8 2
v 9 101
e 0 3 0 
e 3 0 0 
e 3 5 0 
e 3 6 0 
e 5 3 0 
e 5 7 0 
e 5 8 0 
e 6 3 0 
e 6 9 0 
e 7 5 0 
e 8 5 0 
e 8 9 0 
e 9 6 0 
e 9 8 0 
t # 303# (1, 1864, 6)
v 0 0
v 2 0
v 3 0
v 4 0
v 5 0
v 6 102
v 7 1
v 8 0
e 0 5 0 
e 2 3 0 
e 3 2 0 
e 3 4 0 
e 4 3 0 
e 4 5 0 
e 4 6 0 
e 5 0 0 
e 5 4 0 
e 5 8 0 
e 6 4 0 
e 6 7 0 
e 7 6 0 
e 8 5 0 
t # 304# (1, 1869, 3)
v 0 0
v 1 0
v 2 0
v 3 100
v 4 0
v 5 11
v 6 13
v 7 0
v 8 0
v 9 0
e 0 1 0 
e 1 0 0 
e 1 2 0 
e 2 1 0 
e 2 3 0 
e 3 2 0 
e 3 4 0 
e 4 3 0 
e 4 5 0 
e 4 6 0 
e 5 4 0 
e 6 4 0 
e 6 7 0 
e 6 8 0 
e 6 9 0 
e 7 6 0 
e 8 6 0 
e 9 6 0 
t # 305# (1, 1872, 5)
v 0 0
v 1 2
v 2 2
v 3 1
v 5 102
e 0 1 0 
e 0 2 0 
e 0 3 0 
e 1 0 0 
e 2 0 0 
e 2 5 0 
e 3 0 0 
e 5 2 0 
t # 306# (1, 1872, 9)
v 4 2
v 6 0
v 7 2
v 8 1
v 9 102
e 4 6 0 
e 6 4 0 
e 6 7 0 
e 6 8 0 
e 7 6 0 
e 7 9 0 
e 8 6 0 
e 9 7 0 
t # 307# (1, 1879, 0)
v 0 128
v 4 1
v 5 1
v 6 0
v 7 0
e 0 4 0 
e 4 0 0 
e 4 6 0 
e 5 6 0 
e 6 4 0 
e 6 5 0 
e 6 7 0 
e 7 6 0 
t # 308# (1, 1906, 4)
v 0 15
v 1 3
v 2 3
v 3 2
v 4 100
v 5 0
v 6 0
v 7 0
v 8 0
v 9 0
e 0 1 0 
e 0 2 0 
e 0 3 0 
e 1 0 0 
e 2 0 0 
e 3 0 0 
e 3 4 0 
e 3 5 0 
e 4 3 0 
e 4 6 0 
e 5 3 0 
e 5 7 0 
e 6 4 0 
e 6 8 0 
e 7 5 0 
e 7 8 0 
e 8 6 0 
e 8 7 0 
e 8 9 0 
e 9 8 0 
t # 309# (1, 1906, 5)
v 0 15
v 1 3
v 2 3
v 3 2
v 4 0
v 5 100
v 6 0
v 7 0
v 8 0
v 9 0
e 0 1 0 
e 0 2 0 
e 0 3 0 
e 1 0 0 
e 2 0 0 
e 3 0 0 
e 3 4 0 
e 3 5 0 
e 4 3 0 
e 4 6 0 
e 5 3 0 
e 5 7 0 
e 6 4 0 
e 6 8 0 
e 7 5 0 
e 7 8 0 
e 8 6 0 
e 8 7 0 
e 8 9 0 
e 9 8 0 
t # 310# (1, 1924, 3)
v 0 0
v 1 2
v 2 0
v 3 102
v 4 0
v 5 0
v 6 2
v 7 1
v 8 1
v 9 0
e 0 1 0 
e 0 4 0 
e 1 0 0 
e 1 2 0 
e 1 3 0 
e 2 1 0 
e 2 5 0 
e 3 1 0 
e 3 6 0 
e 3 8 0 
e 4 0 0 
e 5 2 0 
e 6 3 0 
e 6 7 0 
e 7 6 0 
e 7 9 0 
e 8 3 0 
e 9 7 0 
t # 311# (1, 1924, 6)
v 0 0
v 1 2
v 2 0
v 3 2
v 6 102
v 7 1
v 8 1
v 9 0
e 0 1 0 
e 1 0 0 
e 1 2 0 
e 1 3 0 
e 2 1 0 
e 3 1 0 
e 3 6 0 
e 3 8 0 
e 6 3 0 
e 6 7 0 
e 7 6 0 
e 7 9 0 
e 8 3 0 
e 9 7 0 
t # 312# (1, 1924, 7)
v 1 2
v 3 2
v 6 2
v 7 101
v 8 1
v 9 0
e 1 3 0 
e 3 1 0 
e 3 6 0 
e 3 8 0 
e 6 3 0 
e 6 7 0 
e 7 6 0 
e 7 9 0 
e 8 3 0 
e 9 7 0 
t # 313# (1, 1929, 2)
v 0 2
v 1 0
v 2 102
v 3 2
v 4 2
v 5 2
v 6 2
e 0 1 0 
e 1 0 0 
e 1 2 0 
e 1 3 0 
e 2 1 0 
e 2 4 0 
e 3 1 0 
e 3 5 0 
e 4 2 0 
e 4 5 0 
e 4 6 0 
e 5 3 0 
e 5 4 0 
e 6 4 0 
t # 314# (1, 1929, 4)
v 0 2
v 1 0
v 2 2
v 3 2
v 4 102
v 5 2
v 6 2
e 0 1 0 
e 1 0 0 
e 1 2 0 
e 1 3 0 
e 2 1 0 
e 2 4 0 
e 3 1 0 
e 3 5 0 
e 4 2 0 
e 4 5 0 
e 4 6 0 
e 5 3 0 
e 5 4 0 
e 6 4 0 
t # 315# (1, 1929, 5)
v 0 2
v 1 0
v 2 2
v 3 2
v 4 2
v 5 102
v 6 2
e 0 1 0 
e 1 0 0 
e 1 2 0 
e 1 3 0 
e 2 1 0 
e 2 4 0 
e 3 1 0 
e 3 5 0 
e 4 2 0 
e 4 5 0 
e 4 6 0 
e 5 3 0 
e 5 4 0 
e 6 4 0 
t # 316# (1, 1932, 2)
v 0 0
v 1 2
v 2 102
v 3 1
v 4 2
v 5 1
v 6 0
v 7 0
e 0 1 0 
e 1 0 0 
e 1 2 0 
e 1 6 0 
e 2 1 0 
e 2 3 0 
e 2 4 0 
e 3 2 0 
e 4 2 0 
e 4 5 0 
e 5 4 0 
e 6 1 0 
e 6 7 0 
e 7 6 0 
t # 317# (1, 1932, 4)
v 0 0
v 1 2
v 2 2
v 3 1
v 4 102
v 5 1
v 6 0
e 0 1 0 
e 1 0 0 
e 1 2 0 
e 1 6 0 
e 2 1 0 
e 2 3 0 
e 2 4 0 
e 3 2 0 
e 4 2 0 
e 4 5 0 
e 5 4 0 
e 6 1 0 
t # 318# (1, 1932, 5)
v 1 2
v 2 2
v 3 1
v 4 2
v 5 101
e 1 2 0 
e 2 1 0 
e 2 3 0 
e 2 4 0 
e 3 2 0 
e 4 2 0 
e 4 5 0 
e 5 4 0 
t # 319# (1, 1942, 3)
v 0 2
v 1 2
v 2 0
v 3 101
e 0 1 0 
e 0 2 0 
e 1 0 0 
e 1 3 0 
e 2 0 0 
e 3 1 0 
t # 320# (1, 1967, 2)
v 0 0
v 1 0
v 2 100
v 3 0
v 4 13
v 5 0
v 6 0
v 7 0
e 0 1 0 
e 1 0 0 
e 1 2 0 
e 2 1 0 
e 2 3 0 
e 2 4 0 
e 3 2 0 
e 4 2 0 
e 4 5 0 
e 4 6 0 
e 4 7 0 
e 5 4 0 
e 6 4 0 
e 7 4 0 
t # 321# (1, 1980, 5)
v 0 0
v 1 0
v 2 0
v 3 2
v 4 2
v 5 102
v 6 1
v 7 0
v 8 0
e 0 1 0 
e 0 4 0 
e 0 8 0 
e 1 0 0 
e 1 2 0 
e 1 5 0 
e 2 1 0 
e 2 3 0 
e 2 7 0 
e 3 2 0 
e 3 4 0 
e 4 0 0 
e 4 3 0 
e 5 1 0 
e 5 6 0 
e 6 5 0 
e 7 2 0 
e 8 0 0 
t # 322# (1, 1981, 0)
v 0 103
v 1 36
v 2 3
e 0 1 0 
e 1 0 0 
e 1 2 0 
e 2 1 0 
t # 323# (1, 1981, 1)
v 0 3
v 1 136
v 2 3
e 0 1 0 
e 1 0 0 
e 1 2 0 
e 2 1 0 
t # 324# (1, 1981, 2)
v 0 3
v 1 36
v 2 103
e 0 1 0 
e 1 0 0 
e 1 2 0 
e 2 1 0 
t # 325# (1, 1991, 2)
v 0 0
v 1 0
v 2 100
v 3 0
v 4 0
v 5 0
v 6 0
v 7 0
v 8 3
v 9 3
e 0 1 0 
e 0 5 0 
e 1 0 0 
e 1 2 0 
e 1 6 0 
e 1 7 0 
e 2 1 0 
e 2 3 0 
e 2 8 0 
e 2 9 0 
e 3 2 0 
e 3 4 0 
e 4 3 0 
e 4 5 0 
e 4 6 0 
e 5 0 0 
e 5 4 0 
e 6 1 0 
e 6 4 0 
e 7 1 0 
e 8 2 0 
e 9 2 0 
t # 326# (1, 1992, 0)
v 0 101
v 1 13
v 2 1
v 3 0
v 5 2
v 6 0
v 7 0
v 9 0
v 10 1
e 0 1 0 
e 0 7 0 
e 1 0 0 
e 1 2 0 
e 1 10 0 
e 2 1 0 
e 2 3 0 
e 3 2 0 
e 5 6 0 
e 6 5 0 
e 6 7 0 
e 7 0 0 
e 7 6 0 
e 9 10 0 
e 10 1 0 
e 10 9 0 
t # 327# (1, 1992, 2)
v 0 1
v 1 13
v 2 101
v 3 0
v 4 0
v 5 2
v 7 0
v 9 0
v 10 1
e 0 1 0 
e 0 7 0 
e 1 0 0 
e 1 2 0 
e 1 10 0 
e 2 1 0 
e 2 3 0 
e 3 2 0 
e 3 4 0 
e 4 3 0 
e 4 5 0 
e 5 4 0 
e 7 0 0 
e 9 10 0 
e 10 1 0 
e 10 9 0 
t # 328# (1, 1992, 10)
v 0 1
v 1 13
v 2 1
v 3 0
v 5 2
v 7 0
v 8 0
v 9 0
v 10 101
e 0 1 0 
e 0 7 0 
e 1 0 0 
e 1 2 0 
e 1 10 0 
e 2 1 0 
e 2 3 0 
e 3 2 0 
e 5 8 0 
e 7 0 0 
e 8 5 0 
e 8 9 0 
e 9 8 0 
e 9 10 0 
e 10 1 0 
e 10 9 0 
t # 329# (1, 1994, 0)
v 0 102
v 1 1
v 2 0
v 3 0
v 4 0
v 5 1
v 6 0
v 7 0
e 0 1 0 
e 0 2 0 
e 1 0 0 
e 2 0 0 
e 2 3 0 
e 2 4 0 
e 3 2 0 
e 3 5 0 
e 3 6 0 
e 4 2 0 
e 4 7 0 
e 5 3 0 
e 6 3 0 
e 7 4 0 
t # -1