# 36,# 36 6 target:1 c+:62 c-:0 score:62.50279940206393 score+:212.5095179670174 score-:0 nb:4 =l_1c_7 l_1c_1 l_1c_19 l_1c_10 
t # 0# (1, 14, 1)
v 0 1
v 1 105
v 2 1
v 3 0
v 4 1
v 5 0
v 6 0
e 0 1 0 
e 1 0 0 
e 1 2 0 
e 1 3 0 
e 1 4 0 
e 2 1 0 
e 3 1 0 
e 3 5 0 
e 4 1 0 
e 4 6 0 
e 5 3 0 
e 6 4 0 
t # 1# (1, 26, 0)
v 0 107
v 1 5
v 2 2
v 3 2
v 4 2
v 5 0
v 6 0
v 7 0
v 8 0
v 9 0
v 10 0
e 0 1 0 
e 0 2 0 
e 0 3 0 
e 0 4 0 
e 1 0 0 
e 2 0 0 
e 2 5 0 
e 2 6 0 
e 3 0 0 
e 3 7 0 
e 3 8 0 
e 4 0 0 
e 4 9 0 
e 4 10 0 
e 5 2 0 
e 5 6 0 
e 6 2 0 
e 6 5 0 
e 7 3 0 
e 7 8 0 
e 8 3 0 
e 8 7 0 
e 9 4 0 
e 9 10 0 
e 10 4 0 
e 10 9 0 
t # 2# (1, 48, 0)
v 0 105
v 1 0
v 2 1
v 3 1
v 4 0
v 5 0
v 6 2
e 0 1 0 
e 0 2 0 
e 0 3 0 
e 0 4 0 
e 1 0 0 
e 2 0 0 
e 3 0 0 
e 4 0 0 
e 4 5 0 
e 4 6 0 
e 5 4 0 
e 6 4 0 
t # 3# (1, 53, 6)
v 1 2
v 2 0
v 3 0
v 6 105
v 7 2
v 8 2
e 1 2 0 
e 2 1 0 
e 2 3 0 
e 2 6 0 
e 3 2 0 
e 3 8 0 
e 6 2 0 
e 6 7 0 
e 7 6 0 
e 7 8 0 
e 8 3 0 
e 8 7 0 
t # 4# (1, 57, 0)
v 0 105
v 1 5
v 2 0
v 3 5
v 4 2
v 5 5
e 0 1 0 
e 0 2 0 
e 1 0 0 
e 1 3 0 
e 2 0 0 
e 2 4 0 
e 2 5 0 
e 3 1 0 
e 4 2 0 
e 5 2 0 
t # 5# (1, 57, 3)
v 0 5
v 1 5
v 3 105
v 6 0
v 8 2
v 9 5
e 0 1 0 
e 1 0 0 
e 1 3 0 
e 3 1 0 
e 3 6 0 
e 6 3 0 
e 6 8 0 
e 6 9 0 
e 8 6 0 
e 9 6 0 
t # 6# (1, 63, 1)
v 0 1
v 1 105
v 2 0
v 3 0
v 4 0
v 5 0
v 6 0
v 7 5
e 0 1 0 
e 1 0 0 
e 1 2 0 
e 1 3 0 
e 2 1 0 
e 2 4 0 
e 2 5 0 
e 3 1 0 
e 3 6 0 
e 3 7 0 
e 4 2 0 
e 5 2 0 
e 6 3 0 
e 7 3 0 
t # 7# (1, 70, 7)
v 5 0
v 6 2
v 7 105
v 8 2
v 9 0
e 5 6 0 
e 5 9 0 
e 6 5 0 
e 6 7 0 
e 7 6 0 
e 7 8 0 
e 8 7 0 
e 8 9 0 
e 9 5 0 
e 9 8 0 
t # 8# (1, 87, 3)
v 0 0
v 2 5
v 3 105
v 4 0
v 5 0
v 6 1
v 7 1
e 0 2 0 
e 2 0 0 
e 2 3 0 
e 3 2 0 
e 3 4 0 
e 3 6 0 
e 3 7 0 
e 4 3 0 
e 4 5 0 
e 5 4 0 
e 6 3 0 
e 7 3 0 
t # 9# (1, 123, 1)
v 0 2
v 1 105
v 4 0
v 5 0
v 6 2
v 8 2
e 0 4 0 
e 0 6 0 
e 1 5 0 
e 1 6 0 
e 4 0 0 
e 4 5 0 
e 5 1 0 
e 5 4 0 
e 5 8 0 
e 6 0 0 
e 6 1 0 
e 8 5 0 
t # 10# (1, 127, 8)
v 2 0
v 4 0
v 5 2
v 7 2
v 8 105
e 2 4 0 
e 2 5 0 
e 4 2 0 
e 4 7 0 
e 5 2 0 
e 5 8 0 
e 7 4 0 
e 7 8 0 
e 8 5 0 
e 8 7 0 
t # 11# (1, 172, 1)
v 0 1
v 1 105
v 2 1
v 3 0
v 4 0
v 5 0
v 6 0
e 0 1 0 
e 1 0 0 
e 1 2 0 
e 1 3 0 
e 1 4 0 
e 2 1 0 
e 3 1 0 
e 3 5 0 
e 3 6 0 
e 4 1 0 
e 4 5 0 
e 5 3 0 
e 5 4 0 
e 6 3 0 
t # 12# (1, 209, 1)
v 0 1
v 1 105
v 2 1
v 3 0
v 4 0
v 5 0
v 6 0
e 0 1 0 
e 1 0 0 
e 1 2 0 
e 1 3 0 
e 1 4 0 
e 2 1 0 
e 3 1 0 
e 3 5 0 
e 3 6 0 
e 4 1 0 
e 4 5 0 
e 5 3 0 
e 5 4 0 
e 6 3 0 
t # 13# (1, 238, 1)
v 0 0
v 1 105
v 2 1
v 3 1
v 4 2
v 5 0
v 6 0
e 0 1 0 
e 0 6 0 
e 1 0 0 
e 1 2 0 
e 1 3 0 
e 1 4 0 
e 2 1 0 
e 3 1 0 
e 4 1 0 
e 4 5 0 
e 5 4 0 
e 5 6 0 
e 6 0 0 
e 6 5 0 
t # 14# (1, 273, 9)
v 2 0
v 4 0
v 5 2
v 8 2
v 9 105
e 2 4 0 
e 2 5 0 
e 4 2 0 
e 4 8 0 
e 5 2 0 
e 5 9 0 
e 8 4 0 
e 8 9 0 
e 9 5 0 
e 9 8 0 
t # 15# (1, 278, 6)
v 1 0
v 4 0
v 5 5
v 6 105
v 7 1
v 8 1
v 9 0
e 1 9 0 
e 4 5 0 
e 5 4 0 
e 5 6 0 
e 6 5 0 
e 6 7 0 
e 6 8 0 
e 6 9 0 
e 7 6 0 
e 8 6 0 
e 9 1 0 
e 9 6 0 
t # 16# (1, 292, 3)
v 0 0
v 1 0
v 3 105
v 6 0
v 7 1
v 8 1
v 9 0
e 0 1 0 
e 1 0 0 
e 1 3 0 
e 3 1 0 
e 3 6 0 
e 3 7 0 
e 3 8 0 
e 6 3 0 
e 6 9 0 
e 7 3 0 
e 8 3 0 
e 9 6 0 
t # 17# (1, 327, 1)
v 0 1
v 1 105
v 2 1
v 3 0
v 4 0
v 5 0
v 6 0
v 7 0
e 0 1 0 
e 1 0 0 
e 1 2 0 
e 1 3 0 
e 1 4 0 
e 2 1 0 
e 3 1 0 
e 3 5 0 
e 3 6 0 
e 4 1 0 
e 4 7 0 
e 5 3 0 
e 6 3 0 
e 6 7 0 
e 7 4 0 
e 7 6 0 
t # 18# (1, 342, 1)
v 0 1
v 1 105
v 2 1
v 3 1
v 4 0
v 5 0
v 6 0
e 0 1 0 
e 1 0 0 
e 1 2 0 
e 1 3 0 
e 1 4 0 
e 2 1 0 
e 3 1 0 
e 3 5 0 
e 4 1 0 
e 4 6 0 
e 5 3 0 
e 5 6 0 
e 6 4 0 
e 6 5 0 
t # 19# (1, 403, 10)
v 4 0
v 7 0
v 8 2
v 9 2
v 10 105
e 4 7 0 
e 4 8 0 
e 7 4 0 
e 7 9 0 
e 8 4 0 
e 8 10 0 
e 9 7 0 
e 9 10 0 
e 10 8 0 
e 10 9 0 
t # 20# (1, 458, 1)
v 0 0
v 1 105
v 2 1
v 3 1
v 4 0
v 5 5
e 0 1 0 
e 1 0 0 
e 1 2 0 
e 1 3 0 
e 1 4 0 
e 2 1 0 
e 3 1 0 
e 4 1 0 
e 4 5 0 
e 5 4 0 
t # 21# (1, 458, 5)
v 1 5
v 4 0
v 5 105
v 6 1
v 7 1
v 8 0
e 1 4 0 
e 4 1 0 
e 4 5 0 
e 5 4 0 
e 5 6 0 
e 5 7 0 
e 5 8 0 
e 6 5 0 
e 7 5 0 
e 8 5 0 
t # 22# (1, 478, 6)
v 1 2
v 2 0
v 3 0
v 6 105
v 7 2
v 8 2
e 1 2 0 
e 2 1 0 
e 2 3 0 
e 2 6 0 
e 3 2 0 
e 3 8 0 
e 6 2 0 
e 6 7 0 
e 7 6 0 
e 7 8 0 
e 8 3 0 
e 8 7 0 
t # 23# (1, 530, 6)
v 2 0
v 3 0
v 4 0
v 6 105
v 7 0
v 9 1
v 10 1
e 2 3 0 
e 2 4 0 
e 3 2 0 
e 3 6 0 
e 3 7 0 
e 4 2 0 
e 4 6 0 
e 6 3 0 
e 6 4 0 
e 6 9 0 
e 6 10 0 
e 7 3 0 
e 9 6 0 
e 10 6 0 
t # 24# (1, 537, 0)
v 0 107
v 1 2
v 2 2
v 3 2
v 4 1
v 5 0
v 6 0
v 7 0
v 8 0
v 9 0
v 10 0
e 0 1 0 
e 0 2 0 
e 0 3 0 
e 0 4 0 
e 1 0 0 
e 1 5 0 
e 1 6 0 
e 2 0 0 
e 2 7 0 
e 2 8 0 
e 3 0 0 
e 3 9 0 
e 3 10 0 
e 4 0 0 
e 5 1 0 
e 6 1 0 
e 7 2 0 
e 8 2 0 
e 9 3 0 
e 10 3 0 
t # 25# (1, 567, 4)
v 2 0
v 3 0
v 4 105
v 5 1
v 6 1
v 7 5
v 8 0
e 2 3 0 
e 3 2 0 
e 3 4 0 
e 4 3 0 
e 4 5 0 
e 4 6 0 
e 4 7 0 
e 5 4 0 
e 6 4 0 
e 7 4 0 
e 7 8 0 
e 8 7 0 
t # 26# (1, 661, 0)
v 0 105
v 1 5
v 2 0
v 3 1
v 4 1
v 5 0
e 0 1 0 
e 0 2 0 
e 0 3 0 
e 0 4 0 
e 1 0 0 
e 1 5 0 
e 2 0 0 
e 3 0 0 
e 4 0 0 
e 5 1 0 
t # 27# (1, 724, 1)
v 0 0
v 1 105
v 2 0
v 3 2
v 4 1
v 5 1
v 8 0
e 0 1 0 
e 0 2 0 
e 1 0 0 
e 1 3 0 
e 1 4 0 
e 1 5 0 
e 2 0 0 
e 3 1 0 
e 3 8 0 
e 4 1 0 
e 5 1 0 
e 8 3 0 
t # 28# (1, 732, 0)
v 0 105
v 1 5
v 2 0
v 3 1
v 4 0
v 5 0
v 6 0
v 7 0
e 0 1 0 
e 0 2 0 
e 0 3 0 
e 1 0 0 
e 1 4 0 
e 2 0 0 
e 2 5 0 
e 2 6 0 
e 2 7 0 
e 3 0 0 
e 4 1 0 
e 5 2 0 
e 6 2 0 
e 7 2 0 
t # 29# (1, 736, 7)
v 2 0
v 5 0
v 6 0
v 7 105
v 8 0
v 9 1
v 10 1
e 2 5 0 
e 2 6 0 
e 5 2 0 
e 5 7 0 
e 6 2 0 
e 6 8 0 
e 7 5 0 
e 7 8 0 
e 7 9 0 
e 7 10 0 
e 8 6 0 
e 8 7 0 
e 9 7 0 
e 10 7 0 
t # 30# (1, 783, 6)
v 1 2
v 2 0
v 3 0
v 6 105
v 7 2
v 8 2
e 1 2 0 
e 2 1 0 
e 2 3 0 
e 2 6 0 
e 3 2 0 
e 3 8 0 
e 6 2 0 
e 6 7 0 
e 7 6 0 
e 7 8 0 
e 8 3 0 
e 8 7 0 
t # 31# (1, 847, 0)
v 0 105
v 1 0
v 2 1
v 3 1
v 4 0
v 5 2
v 6 2
e 0 1 0 
e 0 2 0 
e 0 3 0 
e 0 4 0 
e 1 0 0 
e 2 0 0 
e 3 0 0 
e 4 0 0 
e 4 5 0 
e 4 6 0 
e 5 4 0 
e 6 4 0 
t # 32# (1, 869, 9)
v 6 0
v 7 1
v 8 0
v 9 105
v 10 0
v 11 1
e 6 7 0 
e 6 10 0 
e 7 6 0 
e 7 8 0 
e 8 7 0 
e 8 9 0 
e 9 8 0 
e 9 10 0 
e 9 11 0 
e 10 6 0 
e 10 9 0 
e 11 9 0 
t # 33# (1, 879, 1)
v 0 1
v 1 105
v 2 1
v 3 0
v 4 0
v 5 0
v 6 0
e 0 1 0 
e 1 0 0 
e 1 2 0 
e 1 3 0 
e 1 4 0 
e 2 1 0 
e 3 1 0 
e 3 5 0 
e 3 6 0 
e 4 1 0 
e 4 5 0 
e 5 3 0 
e 5 4 0 
e 6 3 0 
t # 34# (1, 920, 0)
v 0 105
v 1 0
v 2 0
v 3 0
v 4 0
v 9 1
v 10 1
e 0 1 0 
e 0 4 0 
e 0 9 0 
e 0 10 0 
e 1 0 0 
e 1 2 0 
e 2 1 0 
e 2 3 0 
e 3 2 0 
e 3 4 0 
e 4 0 0 
e 4 3 0 
e 9 0 0 
e 10 0 0 
t # 35# (1, 937, 6)
v 0 0
v 1 0
v 2 2
v 4 2
v 6 105
e 0 1 0 
e 0 2 0 
e 1 0 0 
e 1 4 0 
e 2 0 0 
e 2 6 0 
e 4 1 0 
e 4 6 0 
e 6 2 0 
e 6 4 0 
t # 36# (1, 995, 8)
v 1 0
v 6 0
v 7 0
v 8 105
v 9 5
v 10 1
v 11 2
e 1 7 0 
e 6 7 0 
e 6 11 0 
e 7 1 0 
e 7 6 0 
e 7 8 0 
e 8 7 0 
e 8 9 0 
e 9 8 0 
e 9 10 0 
e 9 11 0 
e 10 9 0 
e 11 6 0 
e 11 9 0 
t # 37# (1, 1027, 1)
v 0 5
v 1 105
v 2 0
v 3 0
v 4 1
v 5 1
e 0 1 0 
e 0 2 0 
e 1 0 0 
e 1 3 0 
e 1 4 0 
e 1 5 0 
e 2 0 0 
e 3 1 0 
e 4 1 0 
e 5 1 0 
t # 38# (1, 1082, 7)
v 5 0
v 6 0
v 7 105
v 8 1
v 9 5
v 10 0
e 5 6 0 
e 6 5 0 
e 6 7 0 
e 7 6 0 
e 7 8 0 
e 7 9 0 
e 8 7 0 
e 9 7 0 
e 9 10 0 
e 10 9 0 
t # 39# (1, 1137, 1)
v 0 1
v 1 105
v 2 0
v 3 5
v 4 0
v 5 0
e 0 1 0 
e 1 0 0 
e 1 2 0 
e 1 3 0 
e 2 1 0 
e 2 4 0 
e 3 1 0 
e 3 5 0 
e 4 2 0 
e 5 3 0 
t # 40# (1, 1156, 6)
v 0 0
v 4 0
v 5 0
v 6 105
v 7 1
v 8 0
v 9 0
e 0 5 0 
e 4 5 0 
e 5 0 0 
e 5 4 0 
e 5 6 0 
e 6 5 0 
e 6 7 0 
e 6 8 0 
e 7 6 0 
e 8 6 0 
e 8 9 0 
e 9 8 0 
t # 41# (1, 1180, 9)
v 2 0
v 4 0
v 5 2
v 8 2
v 9 105
e 2 4 0 
e 2 5 0 
e 4 2 0 
e 4 8 0 
e 5 2 0 
e 5 9 0 
e 8 4 0 
e 8 9 0 
e 9 5 0 
e 9 8 0 
t # 42# (1, 1184, 4)
v 0 0
v 1 0
v 4 105
v 8 0
v 9 1
v 10 1
e 0 1 0 
e 1 0 0 
e 1 4 0 
e 4 1 0 
e 4 8 0 
e 4 9 0 
e 4 10 0 
e 8 4 0 
e 9 4 0 
e 10 4 0 
t # 43# (1, 1224, 6)
v 0 0
v 1 0
v 5 0
v 6 105
v 7 0
v 8 1
v 9 1
e 0 1 0 
e 0 5 0 
e 1 0 0 
e 1 7 0 
e 5 0 0 
e 5 6 0 
e 6 5 0 
e 6 7 0 
e 6 8 0 
e 6 9 0 
e 7 1 0 
e 7 6 0 
e 8 6 0 
e 9 6 0 
t # 44# (1, 1294, 7)
v 4 0
v 5 0
v 6 5
v 7 105
v 8 2
e 4 5 0 
e 4 8 0 
e 5 4 0 
e 5 6 0 
e 6 5 0 
e 6 7 0 
e 7 6 0 
e 7 8 0 
e 8 4 0 
e 8 7 0 
t # 45# (1, 1310, 4)
v 0 4
v 1 0
v 2 4
v 3 4
v 4 107
v 5 0
v 6 4
v 7 2
e 0 1 0 
e 1 0 0 
e 1 2 0 
e 1 3 0 
e 1 4 0 
e 2 1 0 
e 3 1 0 
e 4 1 0 
e 4 5 0 
e 5 4 0 
e 5 6 0 
e 5 7 0 
e 6 5 0 
e 7 5 0 
t # 46# (1, 1474, 1)
v 0 2
v 1 105
v 4 0
v 5 0
v 6 2
v 10 2
e 0 4 0 
e 0 6 0 
e 1 5 0 
e 1 6 0 
e 4 0 0 
e 4 5 0 
e 5 1 0 
e 5 4 0 
e 5 10 0 
e 6 0 0 
e 6 1 0 
e 10 5 0 
t # 47# (1, 1642, 6)
v 1 2
v 2 0
v 3 0
v 6 105
v 7 2
v 8 2
e 1 2 0 
e 2 1 0 
e 2 3 0 
e 2 6 0 
e 3 2 0 
e 3 8 0 
e 6 2 0 
e 6 7 0 
e 7 6 0 
e 7 8 0 
e 8 3 0 
e 8 7 0 
t # 48# (1, 1686, 9)
v 5 0
v 6 0
v 8 2
v 9 105
v 10 5
e 5 6 0 
e 5 8 0 
e 6 5 0 
e 6 10 0 
e 8 5 0 
e 8 9 0 
e 9 8 0 
e 9 10 0 
e 10 6 0 
e 10 9 0 
t # 49# (1, 1687, 1)
v 0 1
v 1 105
v 2 1
v 3 0
v 4 0
v 5 0
v 6 0
e 0 1 0 
e 1 0 0 
e 1 2 0 
e 1 3 0 
e 1 4 0 
e 2 1 0 
e 3 1 0 
e 3 5 0 
e 4 1 0 
e 4 6 0 
e 5 3 0 
e 5 6 0 
e 6 4 0 
e 6 5 0 
t # 50# (1, 1702, 2)
v 0 5
v 1 0
v 2 105
v 3 1
v 4 5
v 5 0
e 0 1 0 
e 0 5 0 
e 1 0 0 
e 1 2 0 
e 2 1 0 
e 2 3 0 
e 2 4 0 
e 3 2 0 
e 4 2 0 
e 4 5 0 
e 5 0 0 
e 5 4 0 
t # 51# (1, 1716, 0)
v 0 105
v 1 1
v 2 1
v 3 0
v 4 0
v 8 0
v 9 0
v 10 1
e 0 1 0 
e 0 2 0 
e 0 3 0 
e 0 9 0 
e 1 0 0 
e 2 0 0 
e 3 0 0 
e 3 4 0 
e 3 8 0 
e 4 3 0 
e 8 3 0 
e 9 0 0 
e 9 10 0 
e 10 9 0 
t # 52# (1, 1736, 0)
v 0 107
v 1 0
v 2 0
v 3 0
v 4 0
e 0 1 0 
e 0 2 0 
e 0 3 0 
e 1 0 0 
e 2 0 0 
e 3 0 0 
e 3 4 0 
e 4 3 0 
t # 53# (1, 1736, 3)
v 0 7
v 1 0
v 2 0
v 3 100
v 4 0
v 5 7
e 0 1 0 
e 0 2 0 
e 0 3 0 
e 1 0 0 
e 2 0 0 
e 3 0 0 
e 3 4 0 
e 4 3 0 
e 4 5 0 
e 5 4 0 
t # 54# (1, 1736, 4)
v 0 7
v 3 0
v 4 100
v 5 7
v 6 2
v 9 2
e 0 3 0 
e 3 0 0 
e 3 4 0 
e 4 3 0 
e 4 5 0 
e 5 4 0 
e 5 6 0 
e 5 9 0 
e 6 5 0 
e 9 5 0 
t # 55# (1, 1736, 5)
v 3 0
v 4 0
v 5 107
v 6 2
v 7 0
v 8 0
v 9 2
v 10 0
v 11 0
e 3 4 0 
e 4 3 0 
e 4 5 0 
e 5 4 0 
e 5 6 0 
e 5 9 0 
e 6 5 0 
e 6 7 0 
e 6 8 0 
e 7 6 0 
e 8 6 0 
e 9 5 0 
e 9 10 0 
e 9 11 0 
e 10 9 0 
e 11 9 0 
t # 56# (1, 1745, 7)
v 2 0
v 3 0
v 4 0
v 5 0
v 7 105
v 8 1
v 9 1
e 2 4 0 
e 2 5 0 
e 3 4 0 
e 4 2 0 
e 4 3 0 
e 4 7 0 
e 5 2 0 
e 5 7 0 
e 7 4 0 
e 7 5 0 
e 7 8 0 
e 7 9 0 
e 8 7 0 
e 9 7 0 
t # 57# (1, 1800, 4)
v 0 0
v 1 0
v 2 5
v 3 2
v 4 105
e 0 1 0 
e 0 2 0 
e 1 0 0 
e 1 3 0 
e 2 0 0 
e 2 4 0 
e 3 1 0 
e 3 4 0 
e 4 2 0 
e 4 3 0 
t # 58# (1, 1806, 9)
v 4 0
v 6 0
v 7 2
v 8 2
v 9 105
e 4 6 0 
e 4 7 0 
e 6 4 0 
e 6 8 0 
e 7 4 0 
e 7 9 0 
e 8 6 0 
e 8 9 0 
e 9 7 0 
e 9 8 0 
t # 59# (1, 1839, 7)
v 4 0
v 5 0
v 6 5
v 7 105
v 8 2
e 4 5 0 
e 4 8 0 
e 5 4 0 
e 5 6 0 
e 6 5 0 
e 6 7 0 
e 7 6 0 
e 7 8 0 
e 8 4 0 
e 8 7 0 
t # 60# (1, 1858, 1)
v 0 1
v 1 105
v 2 1
v 3 0
v 4 0
v 5 5
v 6 5
e 0 1 0 
e 1 0 0 
e 1 2 0 
e 1 3 0 
e 1 4 0 
e 2 1 0 
e 3 1 0 
e 3 5 0 
e 4 1 0 
e 4 6 0 
e 5 3 0 
e 6 4 0 
t # 61# (1, 1858, 5)
v 1 5
v 3 0
v 5 105
v 6 5
v 7 1
v 8 1
v 9 0
e 1 3 0 
e 3 1 0 
e 3 5 0 
e 5 3 0 
e 5 7 0 
e 5 8 0 
e 5 9 0 
e 6 9 0 
e 7 5 0 
e 8 5 0 
e 9 5 0 
e 9 6 0 
t # 62# (1, 1858, 6)
v 1 5
v 4 0
v 5 5
v 6 105
v 9 0
v 10 1
v 11 1
e 1 4 0 
e 4 1 0 
e 4 6 0 
e 5 9 0 
e 6 4 0 
e 6 9 0 
e 6 10 0 
e 6 11 0 
e 9 5 0 
e 9 6 0 
e 10 6 0 
e 11 6 0 
t # 63# (1, 1893, 7)
v 1 2
v 4 0
v 5 2
v 6 2
v 7 107
v 8 0
v 10 0
e 1 4 0 
e 4 1 0 
e 4 7 0 
e 5 8 0 
e 6 10 0 
e 7 4 0 
e 7 8 0 
e 7 10 0 
e 8 5 0 
e 8 7 0 
e 10 6 0 
e 10 7 0 
t # 64# (1, 1907, 3)
v 1 0
v 2 2
v 3 105
v 4 2
v 5 0
e 1 2 0 
e 2 1 0 
e 2 3 0 
e 3 2 0 
e 3 4 0 
e 4 3 0 
e 4 5 0 
e 5 4 0 
t # 65# (1, 1911, 7)
v 5 0
v 6 0
v 7 105
v 8 5
v 9 5
v 11 1
e 5 6 0 
e 6 5 0 
e 6 7 0 
e 7 6 0 
e 7 8 0 
e 7 11 0 
e 8 7 0 
e 8 9 0 
e 9 8 0 
e 11 7 0 
t # 66# (1, 1920, 0)
v 0 107
v 1 0
v 2 0
v 3 2
v 4 0
v 5 0
e 0 1 0 
e 0 4 0 
e 1 0 0 
e 1 2 0 
e 2 1 0 
e 2 3 0 
e 3 2 0 
e 3 4 0 
e 4 0 0 
e 4 3 0 
e 4 5 0 
e 5 4 0 
t # 67# (1, 1920, 1)
v 0 7
v 1 100
v 2 0
v 3 2
v 4 0
e 0 1 0 
e 0 4 0 
e 1 0 0 
e 1 2 0 
e 2 1 0 
e 2 3 0 
e 3 2 0 
e 3 4 0 
e 4 0 0 
e 4 3 0 
t # 68# (1, 1922, 6)
v 0 0
v 1 0
v 2 0
v 6 105
v 7 5
v 8 0
v 10 1
e 0 1 0 
e 0 8 0 
e 1 0 0 
e 1 2 0 
e 1 6 0 
e 2 1 0 
e 6 1 0 
e 6 7 0 
e 6 10 0 
e 7 6 0 
e 7 8 0 
e 8 0 0 
e 8 7 0 
e 10 6 0 
t # 69# (1, 1988, 0)
v 0 105
v 1 5
v 2 0
v 3 1
v 4 1
v 5 0
v 6 0
e 0 1 0 
e 0 2 0 
e 0 3 0 
e 0 4 0 
e 1 0 0 
e 1 5 0 
e 2 0 0 
e 2 6 0 
e 3 0 0 
e 4 0 0 
e 5 1 0 
e 6 2 0 
t # -1