# 21,# 21 1 target:0 c+:138 c-:136 score:681.2812859315644 score+:931.5462113256814 score-:4065.4401266108775 nb:6 =l_1c_12 l_1c_17 l_1c_10 l_1c_18 l_1c_9 l_1c_4 
t # 0# (1, 4, 18)
v 8 0
v 9 0
v 10 0
v 12 0
v 13 0
v 14 0
v 18 103
e 8 9 0 
e 9 8 0 
e 9 10 0 
e 9 18 0 
e 10 9 0 
e 12 13 0 
e 13 12 0 
e 13 14 0 
e 13 18 0 
e 14 13 0 
e 18 9 0 
e 18 13 0 
t # 1# (0, 24, 9)
v 7 0
v 8 0
v 9 103
v 10 0
v 11 0
v 13 1
e 7 8 0 
e 8 7 0 
e 8 9 0 
e 8 13 0 
e 9 8 0 
e 9 10 0 
e 10 9 0 
e 10 11 0 
e 11 10 0 
e 13 8 0 
t # 2# (0, 24, 27)
v 3 0
v 26 0
v 27 100
v 28 3
v 29 0
v 31 1
e 3 26 0 
e 26 3 0 
e 26 27 0 
e 26 31 0 
e 27 26 0 
e 27 28 0 
e 28 27 0 
e 28 29 0 
e 29 28 0 
e 29 31 0 
e 31 26 0 
e 31 29 0 
t # 3# (0, 24, 28)
v 26 0
v 27 0
v 28 103
v 29 0
v 30 1
v 31 1
e 26 27 0 
e 26 31 0 
e 27 26 0 
e 27 28 0 
e 28 27 0 
e 28 29 0 
e 29 28 0 
e 29 30 0 
e 29 31 0 
e 30 29 0 
e 31 26 0 
e 31 29 0 
t # 4# (1, 37, 8)
v 6 1
v 7 0
v 8 103
v 9 0
v 10 0
v 11 0
v 21 0
e 6 7 0 
e 7 6 0 
e 7 8 0 
e 7 11 0 
e 8 7 0 
e 8 9 0 
e 9 8 0 
e 9 10 0 
e 9 21 0 
e 10 9 0 
e 10 11 0 
e 11 7 0 
e 11 10 0 
e 21 9 0 
t # 5# (1, 39, 12)
v 9 0
v 10 0
v 11 1
v 12 103
v 13 0
v 14 0
v 15 0
e 9 10 0 
e 9 14 0 
e 10 9 0 
e 10 11 0 
e 10 12 0 
e 11 10 0 
e 12 10 0 
e 12 13 0 
e 13 12 0 
e 13 14 0 
e 13 15 0 
e 14 9 0 
e 14 13 0 
e 15 13 0 
t # 6# (1, 45, 15)
v 9 0
v 13 0
v 14 0
v 15 103
v 16 0
v 17 0
v 21 0
e 9 14 0 
e 13 14 0 
e 14 9 0 
e 14 13 0 
e 14 15 0 
e 15 14 0 
e 15 16 0 
e 16 15 0 
e 16 17 0 
e 16 21 0 
e 17 16 0 
e 21 16 0 
t # 7# (0, 47, 14)
v 11 0
v 12 1
v 13 0
v 14 103
v 15 0
v 16 0
v 17 0
v 18 0
e 11 12 0 
e 11 15 0 
e 12 11 0 
e 12 13 0 
e 13 12 0 
e 13 14 0 
e 13 18 0 
e 14 13 0 
e 14 15 0 
e 15 11 0 
e 15 14 0 
e 15 16 0 
e 15 17 0 
e 16 15 0 
e 17 15 0 
e 18 13 0 
t # 8# (0, 48, 10)
v 6 0
v 9 0
v 10 103
v 11 0
v 12 0
e 6 9 0 
e 9 6 0 
e 9 10 0 
e 10 9 0 
e 10 11 0 
e 11 10 0 
e 11 12 0 
e 12 11 0 
t # 9# (0, 57, 21)
v 38 1
v 14 0
v 20 0
v 21 103
v 22 0
v 23 0
e 38 22 0 
e 14 20 0 
e 20 14 0 
e 20 21 0 
e 21 20 0 
e 21 22 0 
e 22 38 0 
e 22 21 0 
e 22 23 0 
e 23 22 0 
t # 10# (0, 63, 33)
v 32 0
v 33 103
v 34 0
v 35 0
v 36 0
v 25 0
e 32 25 0 
e 32 33 0 
e 32 36 0 
e 33 32 0 
e 33 34 0 
e 34 33 0 
e 34 35 0 
e 35 34 0 
e 35 36 0 
e 36 32 0 
e 36 35 0 
e 25 32 0 
t # 11# (1, 65, 6)
v 4 0
v 5 0
v 6 103
v 7 0
v 8 0
v 12 0
v 21 0
e 4 5 0 
e 5 4 0 
e 5 6 0 
e 5 21 0 
e 6 5 0 
e 6 7 0 
e 7 6 0 
e 7 8 0 
e 7 12 0 
e 8 7 0 
e 12 7 0 
e 21 5 0 
t # 12# (0, 78, 38)
v 36 0
v 37 0
v 38 103
v 39 0
v 40 0
v 41 0
v 42 0
v 43 1
e 36 37 0 
e 37 36 0 
e 37 38 0 
e 37 43 0 
e 38 37 0 
e 38 39 0 
e 39 38 0 
e 39 40 0 
e 39 41 0 
e 39 42 0 
e 40 39 0 
e 41 39 0 
e 42 39 0 
e 42 43 0 
e 43 37 0 
e 43 42 0 
t # 13# (1, 93, 22)
v 16 0
v 20 0
v 21 0
v 22 103
v 23 0
v 24 0
v 28 0
e 16 21 0 
e 20 21 0 
e 21 16 0 
e 21 20 0 
e 21 22 0 
e 22 21 0 
e 22 23 0 
e 23 22 0 
e 23 24 0 
e 23 28 0 
e 24 23 0 
e 28 23 0 
t # 14# (1, 95, 12)
v 1 0
v 10 0
v 11 0
v 12 103
v 13 0
v 14 1
v 15 1
e 1 11 0 
e 10 11 0 
e 10 14 0 
e 11 1 0 
e 11 10 0 
e 11 12 0 
e 12 11 0 
e 12 13 0 
e 13 12 0 
e 13 14 0 
e 13 15 0 
e 14 10 0 
e 14 13 0 
e 15 13 0 
t # 15# (0, 108, 5)
v 3 0
v 4 0
v 5 103
v 6 0
v 7 0
v 8 1
v 14 0
e 3 4 0 
e 4 3 0 
e 4 5 0 
e 4 8 0 
e 5 4 0 
e 5 6 0 
e 6 5 0 
e 6 7 0 
e 6 14 0 
e 7 6 0 
e 7 8 0 
e 8 4 0 
e 8 7 0 
e 14 6 0 
t # 16# (0, 109, 3)
v 0 0
v 1 0
v 2 0
v 3 103
v 4 0
v 5 0
v 21 1
v 22 0
e 0 1 0 
e 1 0 0 
e 1 2 0 
e 1 3 0 
e 1 22 0 
e 2 1 0 
e 3 1 0 
e 3 4 0 
e 4 3 0 
e 4 5 0 
e 4 21 0 
e 5 4 0 
e 21 4 0 
e 21 22 0 
e 22 1 0 
e 22 21 0 
t # 17# (1, 110, 5)
v 3 0
v 4 0
v 5 103
v 6 0
v 7 0
v 11 0
v 17 0
e 3 4 0 
e 4 3 0 
e 4 5 0 
e 4 17 0 
e 5 4 0 
e 5 6 0 
e 6 5 0 
e 6 7 0 
e 6 11 0 
e 7 6 0 
e 11 6 0 
e 17 4 0 
t # 18# (0, 112, 18)
v 8 0
v 10 0
v 11 0
v 18 103
v 19 0
v 20 0
v 23 0
e 8 10 0 
e 10 8 0 
e 10 11 0 
e 10 18 0 
e 11 10 0 
e 18 10 0 
e 18 19 0 
e 19 18 0 
e 19 20 0 
e 19 23 0 
e 20 19 0 
e 23 19 0 
t # 19# (0, 119, 21)
v 19 0
v 20 3
v 21 100
e 19 20 0 
e 20 19 0 
e 20 21 0 
e 21 20 0 
t # 20# (0, 128, 15)
v 13 0
v 14 0
v 15 103
v 16 0
v 17 0
v 18 0
v 19 0
v 20 1
e 13 14 0 
e 14 13 0 
e 14 15 0 
e 14 20 0 
e 15 14 0 
e 15 16 0 
e 16 15 0 
e 16 17 0 
e 16 18 0 
e 16 19 0 
e 17 16 0 
e 18 16 0 
e 19 16 0 
e 19 20 0 
e 20 14 0 
e 20 19 0 
t # 21# (1, 129, 10)
v 4 0
v 8 0
v 9 0
v 10 103
v 11 0
v 12 0
v 16 0
e 4 9 0 
e 8 9 0 
e 9 4 0 
e 9 8 0 
e 9 10 0 
e 10 9 0 
e 10 11 0 
e 11 10 0 
e 11 12 0 
e 11 16 0 
e 12 11 0 
e 16 11 0 
t # 22# (0, 141, 6)
v 4 0
v 5 3
v 6 100
v 7 0
v 8 1
v 11 0
v 14 3
v 15 0
e 4 5 0 
e 4 8 0 
e 5 4 0 
e 5 6 0 
e 6 5 0 
e 6 7 0 
e 6 14 0 
e 7 6 0 
e 7 8 0 
e 7 11 0 
e 8 4 0 
e 8 7 0 
e 11 7 0 
e 14 6 0 
e 14 15 0 
e 15 14 0 
t # 23# (0, 141, 14)
v 5 3
v 6 0
v 7 0
v 14 103
v 15 0
v 16 0
v 20 0
e 5 6 0 
e 6 5 0 
e 6 7 0 
e 6 14 0 
e 7 6 0 
e 14 6 0 
e 14 15 0 
e 15 14 0 
e 15 16 0 
e 15 20 0 
e 16 15 0 
e 20 15 0 
t # 24# (1, 145, 6)
v 3 0
v 4 0
v 5 0
v 6 103
v 7 0
v 8 0
e 3 4 0 
e 3 8 0 
e 4 3 0 
e 4 5 0 
e 4 6 0 
e 5 4 0 
e 6 4 0 
e 6 7 0 
e 7 6 0 
e 7 8 0 
e 8 3 0 
e 8 7 0 
t # 25# (1, 146, 15)
v 5 0
v 6 0
v 7 0
v 9 0
v 10 0
v 11 0
v 15 103
e 5 6 0 
e 6 5 0 
e 6 7 0 
e 6 15 0 
e 7 6 0 
e 9 10 0 
e 10 9 0 
e 10 11 0 
e 10 15 0 
e 11 10 0 
e 15 6 0 
e 15 10 0 
t # 26# (0, 155, 7)
v 5 0
v 6 0
v 7 103
v 8 0
v 9 0
v 11 1
e 5 6 0 
e 6 5 0 
e 6 7 0 
e 6 11 0 
e 7 6 0 
e 7 8 0 
e 8 7 0 
e 8 9 0 
e 9 8 0 
e 11 6 0 
t # 27# (0, 155, 18)
v 9 0
v 17 0
v 18 103
v 19 0
v 20 0
v 23 1
e 9 17 0 
e 17 9 0 
e 17 18 0 
e 18 17 0 
e 18 19 0 
e 19 18 0 
e 19 20 0 
e 19 23 0 
e 20 19 0 
e 23 19 0 
t # 28# (0, 156, 4)
v 1 0
v 2 0
v 3 0
v 4 103
v 5 0
v 6 0
v 19 1
v 20 0
e 1 2 0 
e 2 1 0 
e 2 3 0 
e 2 4 0 
e 2 20 0 
e 3 2 0 
e 4 2 0 
e 4 5 0 
e 5 4 0 
e 5 6 0 
e 5 19 0 
e 6 5 0 
e 19 5 0 
e 19 20 0 
e 20 2 0 
e 20 19 0 
t # 29# (1, 163, 9)
v 7 0
v 8 0
v 9 103
v 10 0
v 11 0
v 14 0
e 7 8 0 
e 8 7 0 
e 8 9 0 
e 8 14 0 
e 9 8 0 
e 9 10 0 
e 10 9 0 
e 10 11 0 
e 11 10 0 
e 14 8 0 
t # 30# (0, 172, 9)
v 5 0
v 7 1
v 8 0
v 9 103
v 10 0
v 11 0
e 5 10 0 
e 7 8 0 
e 8 7 0 
e 8 9 0 
e 8 11 0 
e 9 8 0 
e 9 10 0 
e 10 5 0 
e 10 9 0 
e 11 8 0 
t # 31# (0, 175, 6)
v 4 0
v 5 0
v 6 103
v 7 0
v 8 0
v 20 1
e 4 5 0 
e 5 4 0 
e 5 6 0 
e 6 5 0 
e 6 7 0 
e 7 6 0 
e 7 8 0 
e 7 20 0 
e 8 7 0 
e 20 7 0 
t # 32# (0, 175, 14)
v 12 0
v 13 0
v 14 103
v 15 0
v 16 0
v 17 0
e 12 13 0 
e 13 12 0 
e 13 14 0 
e 13 17 0 
e 14 13 0 
e 14 15 0 
e 15 14 0 
e 15 16 0 
e 16 15 0 
e 16 17 0 
e 17 13 0 
e 17 16 0 
t # 33# (0, 175, 22)
v 4 0
v 21 0
v 22 103
v 23 0
v 24 1
v 27 1
e 4 21 0 
e 21 4 0 
e 21 22 0 
e 22 21 0 
e 22 23 0 
e 23 22 0 
e 23 24 0 
e 23 27 0 
e 24 23 0 
e 27 23 0 
t # 34# (1, 184, 11)
v 6 0
v 7 0
v 8 0
v 9 0
v 10 0
v 11 103
e 6 7 0 
e 7 6 0 
e 7 8 0 
e 7 11 0 
e 8 7 0 
e 8 9 0 
e 9 8 0 
e 9 10 0 
e 10 9 0 
e 10 11 0 
e 11 7 0 
e 11 10 0 
t # 35# (1, 184, 17)
v 6 0
v 13 0
v 14 0
v 15 0
v 16 0
v 17 103
e 6 13 0 
e 13 6 0 
e 13 14 0 
e 13 17 0 
e 14 13 0 
e 14 15 0 
e 15 14 0 
e 15 16 0 
e 16 15 0 
e 16 17 0 
e 17 13 0 
e 17 16 0 
t # 36# (0, 196, 5)
v 2 0
v 3 0
v 4 0
v 5 103
v 6 0
v 7 0
v 22 1
v 23 0
e 2 3 0 
e 3 2 0 
e 3 4 0 
e 3 5 0 
e 3 23 0 
e 4 3 0 
e 5 3 0 
e 5 6 0 
e 6 5 0 
e 6 7 0 
e 6 22 0 
e 7 6 0 
e 22 6 0 
e 22 23 0 
e 23 3 0 
e 23 22 0 
t # 37# (0, 196, 17)
v 15 0
v 16 0
v 17 103
v 18 0
v 19 0
e 15 16 0 
e 15 19 0 
e 16 15 0 
e 16 17 0 
e 17 16 0 
e 17 18 0 
e 18 17 0 
e 18 19 0 
e 19 15 0 
e 19 18 0 
t # 38# (1, 199, 6)
v 1 0
v 2 0
v 3 1
v 6 100
v 7 3
v 8 0
e 1 2 0 
e 2 1 0 
e 2 3 0 
e 2 6 0 
e 3 2 0 
e 6 2 0 
e 6 7 0 
e 7 6 0 
e 7 8 0 
e 8 7 0 
t # 39# (1, 199, 7)
v 2 0
v 6 0
v 7 103
v 8 0
v 9 0
e 2 6 0 
e 6 2 0 
e 6 7 0 
e 7 6 0 
e 7 8 0 
e 8 7 0 
e 8 9 0 
e 9 8 0 
t # 40# (0, 204, 26)
v 3 0
v 25 0
v 26 100
v 27 3
v 28 0
v 30 1
e 3 25 0 
e 25 3 0 
e 25 26 0 
e 25 30 0 
e 26 25 0 
e 26 27 0 
e 27 26 0 
e 27 28 0 
e 28 27 0 
e 28 30 0 
e 30 25 0 
e 30 28 0 
t # 41# (0, 204, 27)
v 25 0
v 26 0
v 27 103
v 28 0
v 29 1
v 30 1
e 25 26 0 
e 25 30 0 
e 26 25 0 
e 26 27 0 
e 27 26 0 
e 27 28 0 
e 28 27 0 
e 28 29 0 
e 28 30 0 
e 29 28 0 
e 30 25 0 
e 30 28 0 
t # 42# (0, 205, 9)
v 7 0
v 8 0
v 9 103
v 10 0
v 11 0
v 13 1
e 7 8 0 
e 8 7 0 
e 8 9 0 
e 8 13 0 
e 9 8 0 
e 9 10 0 
e 10 9 0 
e 10 11 0 
e 11 10 0 
e 13 8 0 
t # 43# (1, 211, 7)
v 5 0
v 6 0
v 7 103
v 8 0
v 9 0
v 13 0
v 27 0
e 5 6 0 
e 6 5 0 
e 6 7 0 
e 6 27 0 
e 7 6 0 
e 7 8 0 
e 8 7 0 
e 8 9 0 
e 8 13 0 
e 9 8 0 
e 13 8 0 
e 27 6 0 
t # 44# (0, 216, 14)
v 12 0
v 13 0
v 14 103
v 15 0
v 16 0
v 17 0
v 18 0
v 19 1
e 12 13 0 
e 13 12 0 
e 13 14 0 
e 13 19 0 
e 14 13 0 
e 14 15 0 
e 15 14 0 
e 15 16 0 
e 15 17 0 
e 15 18 0 
e 16 15 0 
e 17 15 0 
e 18 15 0 
e 18 19 0 
e 19 13 0 
e 19 18 0 
t # 45# (1, 235, 13)
v 7 1
v 8 0
v 9 1
v 11 0
v 12 0
v 13 103
e 7 8 0 
e 8 7 0 
e 8 9 0 
e 8 13 0 
e 9 8 0 
e 11 12 0 
e 12 11 0 
e 12 13 0 
e 13 8 0 
e 13 12 0 
t # 46# (0, 242, 9)
v 7 0
v 8 0
v 9 103
v 10 0
v 11 0
v 13 1
e 7 8 0 
e 8 7 0 
e 8 9 0 
e 8 13 0 
e 9 8 0 
e 9 10 0 
e 10 9 0 
e 10 11 0 
e 11 10 0 
e 13 8 0 
t # 47# (0, 242, 20)
v 11 0
v 19 0
v 20 103
v 21 0
v 22 3
v 25 0
e 11 19 0 
e 19 11 0 
e 19 20 0 
e 20 19 0 
e 20 21 0 
e 21 20 0 
e 21 22 0 
e 21 25 0 
e 22 21 0 
e 25 21 0 
t # 48# (0, 242, 27)
v 3 0
v 26 0
v 27 100
v 28 3
v 29 0
v 31 1
e 3 26 0 
e 26 3 0 
e 26 27 0 
e 26 31 0 
e 27 26 0 
e 27 28 0 
e 28 27 0 
e 28 29 0 
e 29 28 0 
e 29 31 0 
e 31 26 0 
e 31 29 0 
t # 49# (0, 242, 28)
v 26 0
v 27 0
v 28 103
v 29 0
v 30 1
v 31 1
e 26 27 0 
e 26 31 0 
e 27 26 0 
e 27 28 0 
e 28 27 0 
e 28 29 0 
e 29 28 0 
e 29 30 0 
e 29 31 0 
e 30 29 0 
e 31 26 0 
e 31 29 0 
t # 50# (0, 243, 11)
v 9 0
v 10 0
v 11 103
v 12 0
v 13 0
v 15 1
e 9 10 0 
e 10 9 0 
e 10 11 0 
e 10 15 0 
e 11 10 0 
e 11 12 0 
e 12 11 0 
e 12 13 0 
e 13 12 0 
e 15 10 0 
t # 51# (0, 243, 29)
v 33 1
v 5 0
v 28 0
v 29 100
v 30 3
v 31 0
e 33 28 0 
e 33 31 0 
e 5 28 0 
e 28 33 0 
e 28 5 0 
e 28 29 0 
e 29 28 0 
e 29 30 0 
e 30 29 0 
e 30 31 0 
e 31 33 0 
e 31 30 0 
t # 52# (0, 243, 30)
v 32 1
v 33 1
v 28 0
v 29 0
v 30 103
v 31 0
e 32 31 0 
e 33 28 0 
e 33 31 0 
e 28 33 0 
e 28 29 0 
e 29 28 0 
e 29 30 0 
e 30 29 0 
e 30 31 0 
e 31 32 0 
e 31 33 0 
e 31 30 0 
t # 53# (1, 248, 13)
v 3 0
v 4 0
v 5 0
v 7 0
v 8 0
v 9 0
v 13 103
e 3 4 0 
e 4 3 0 
e 4 5 0 
e 4 13 0 
e 5 4 0 
e 7 8 0 
e 8 7 0 
e 8 9 0 
e 8 13 0 
e 9 8 0 
e 13 4 0 
e 13 8 0 
t # 54# (1, 253, 6)
v 0 0
v 4 0
v 5 0
v 6 103
v 7 0
v 8 0
v 22 0
e 0 5 0 
e 4 5 0 
e 5 0 0 
e 5 4 0 
e 5 6 0 
e 6 5 0 
e 6 7 0 
e 7 6 0 
e 7 8 0 
e 7 22 0 
e 8 7 0 
e 22 7 0 
t # 55# (0, 260, 5)
v 3 3
v 4 0
v 5 103
v 6 0
v 7 0
v 28 1
e 3 4 0 
e 4 3 0 
e 4 5 0 
e 4 28 0 
e 5 4 0 
e 5 6 0 
e 6 5 0 
e 6 7 0 
e 7 6 0 
e 28 4 0 
t # 56# (0, 260, 11)
v 7 0
v 9 1
v 10 0
v 11 103
v 12 0
v 13 0
e 7 12 0 
e 9 10 0 
e 10 9 0 
e 10 11 0 
e 10 13 0 
e 11 10 0 
e 11 12 0 
e 12 7 0 
e 12 11 0 
e 13 10 0 
t # 57# (1, 269, 16)
v 11 0
v 12 0
v 13 0
v 14 0
v 15 0
v 16 103
e 11 12 0 
e 12 11 0 
e 12 13 0 
e 12 16 0 
e 13 12 0 
e 13 14 0 
e 14 13 0 
e 14 15 0 
e 15 14 0 
e 15 16 0 
e 16 12 0 
e 16 15 0 
t # 58# (1, 272, 4)
v 2 1
v 3 0
v 4 100
v 5 0
v 6 3
v 8 0
v 9 3
v 10 0
v 12 2
e 2 3 0 
e 2 10 0 
e 3 2 0 
e 3 4 0 
e 3 12 0 
e 4 3 0 
e 4 5 0 
e 4 9 0 
e 5 4 0 
e 5 6 0 
e 5 10 0 
e 6 5 0 
e 8 9 0 
e 9 4 0 
e 9 8 0 
e 10 2 0 
e 10 5 0 
e 12 3 0 
t # 59# (1, 272, 5)
v 2 1
v 3 0
v 4 0
v 5 100
v 6 3
v 7 0
v 9 3
v 10 0
v 11 2
e 2 3 0 
e 2 10 0 
e 3 2 0 
e 3 4 0 
e 4 3 0 
e 4 5 0 
e 4 9 0 
e 5 4 0 
e 5 6 0 
e 5 10 0 
e 6 5 0 
e 6 7 0 
e 7 6 0 
e 9 4 0 
e 10 2 0 
e 10 5 0 
e 10 11 0 
e 11 10 0 
t # 60# (1, 272, 6)
v 4 0
v 5 0
v 6 103
v 7 0
v 8 0
v 10 0
e 4 5 0 
e 5 4 0 
e 5 6 0 
e 5 10 0 
e 6 5 0 
e 6 7 0 
e 7 6 0 
e 7 8 0 
e 8 7 0 
e 10 5 0 
t # 61# (1, 272, 7)
v 5 0
v 6 3
v 7 100
v 8 0
v 9 3
e 5 6 0 
e 6 5 0 
e 6 7 0 
e 7 6 0 
e 7 8 0 
e 8 7 0 
e 8 9 0 
e 9 8 0 
t # 62# (1, 272, 8)
v 4 0
v 6 3
v 7 0
v 8 100
v 9 3
e 4 9 0 
e 6 7 0 
e 7 6 0 
e 7 8 0 
e 8 7 0 
e 8 9 0 
e 9 4 0 
e 9 8 0 
t # 63# (1, 272, 9)
v 3 0
v 4 0
v 5 0
v 7 0
v 8 0
v 9 103
e 3 4 0 
e 4 3 0 
e 4 5 0 
e 4 9 0 
e 5 4 0 
e 7 8 0 
e 8 7 0 
e 8 9 0 
e 9 4 0 
e 9 8 0 
t # 64# (0, 289, 7)
v 2 1
v 5 1
v 6 0
v 7 103
v 8 0
v 9 0
e 2 6 0 
e 5 6 0 
e 6 2 0 
e 6 5 0 
e 6 7 0 
e 7 6 0 
e 7 8 0 
e 8 7 0 
e 8 9 0 
e 9 8 0 
t # 65# (0, 289, 13)
v 9 0
v 11 1
v 12 0
v 13 103
v 14 0
v 15 0
e 9 14 0 
e 11 12 0 
e 12 11 0 
e 12 13 0 
e 12 15 0 
e 13 12 0 
e 13 14 0 
e 14 9 0 
e 14 13 0 
e 15 12 0 
t # 66# (1, 302, 16)
v 5 0
v 6 0
v 7 0
v 10 0
v 11 0
v 12 0
v 16 103
e 5 6 0 
e 6 5 0 
e 6 7 0 
e 6 16 0 
e 7 6 0 
e 10 11 0 
e 11 10 0 
e 11 12 0 
e 11 16 0 
e 12 11 0 
e 16 6 0 
e 16 11 0 
t # 67# (1, 308, 14)
v 4 0
v 5 0
v 6 0
v 8 0
v 9 0
v 10 0
v 14 103
e 4 5 0 
e 5 4 0 
e 5 6 0 
e 5 14 0 
e 6 5 0 
e 8 9 0 
e 9 8 0 
e 9 10 0 
e 9 14 0 
e 10 9 0 
e 14 5 0 
e 14 9 0 
t # 68# (0, 313, 3)
v 0 0
v 1 0
v 2 0
v 3 103
v 4 0
v 5 0
v 18 1
v 19 0
e 0 1 0 
e 1 0 0 
e 1 2 0 
e 1 3 0 
e 1 19 0 
e 2 1 0 
e 3 1 0 
e 3 4 0 
e 4 3 0 
e 4 5 0 
e 4 18 0 
e 5 4 0 
e 18 4 0 
e 18 19 0 
e 19 1 0 
e 19 18 0 
t # 69# (1, 328, 16)
v 10 0
v 14 0
v 15 0
v 16 103
v 17 0
v 18 0
v 22 0
e 10 15 0 
e 14 15 0 
e 15 10 0 
e 15 14 0 
e 15 16 0 
e 16 15 0 
e 16 17 0 
e 17 16 0 
e 17 18 0 
e 17 22 0 
e 18 17 0 
e 22 17 0 
t # 70# (1, 331, 17)
v 11 0
v 15 0
v 16 0
v 17 103
v 18 0
v 19 0
v 24 0
e 11 16 0 
e 15 16 0 
e 16 11 0 
e 16 15 0 
e 16 17 0 
e 17 16 0 
e 17 18 0 
e 18 17 0 
e 18 19 0 
e 18 24 0 
e 19 18 0 
e 24 18 0 
t # 71# (0, 335, 27)
v 3 0
v 26 0
v 27 100
v 28 3
v 29 0
v 31 1
e 3 26 0 
e 26 3 0 
e 26 27 0 
e 26 31 0 
e 27 26 0 
e 27 28 0 
e 28 27 0 
e 28 29 0 
e 29 28 0 
e 29 31 0 
e 31 26 0 
e 31 29 0 
t # 72# (0, 335, 28)
v 26 0
v 27 0
v 28 103
v 29 0
v 30 1
v 31 1
e 26 27 0 
e 26 31 0 
e 27 26 0 
e 27 28 0 
e 28 27 0 
e 28 29 0 
e 29 28 0 
e 29 30 0 
e 29 31 0 
e 30 29 0 
e 31 26 0 
e 31 29 0 
t # 73# (1, 350, 3)
v 1 0
v 2 0
v 3 103
v 4 0
v 5 0
v 9 0
v 10 0
e 1 2 0 
e 2 1 0 
e 2 3 0 
e 2 10 0 
e 3 2 0 
e 3 4 0 
e 4 3 0 
e 4 5 0 
e 4 9 0 
e 5 4 0 
e 9 4 0 
e 10 2 0 
t # 74# (0, 356, 14)
v 11 0
v 13 0
v 14 100
v 15 3
v 16 0
v 17 1
e 11 13 0 
e 13 11 0 
e 13 14 0 
e 13 17 0 
e 14 13 0 
e 14 15 0 
e 15 14 0 
e 15 16 0 
e 16 15 0 
e 16 17 0 
e 17 13 0 
e 17 16 0 
t # 75# (0, 356, 15)
v 13 0
v 14 0
v 15 103
v 16 0
v 17 1
v 18 1
e 13 14 0 
e 13 17 0 
e 14 13 0 
e 14 15 0 
e 15 14 0 
e 15 16 0 
e 16 15 0 
e 16 17 0 
e 16 18 0 
e 17 13 0 
e 17 16 0 
e 18 16 0 
t # 76# (1, 359, 19)
v 3 0
v 4 0
v 5 0
v 17 0
v 18 0
v 19 103
v 20 0
e 3 4 0 
e 4 3 0 
e 4 5 0 
e 4 19 0 
e 5 4 0 
e 17 18 0 
e 18 17 0 
e 18 19 0 
e 18 20 0 
e 19 4 0 
e 19 18 0 
e 20 18 0 
t # 77# (1, 361, 18)
v 7 0
v 8 0
v 9 0
v 11 0
v 12 0
v 13 0
v 18 103
e 7 8 0 
e 8 7 0 
e 8 9 0 
e 8 18 0 
e 9 8 0 
e 11 12 0 
e 12 11 0 
e 12 13 0 
e 12 18 0 
e 13 12 0 
e 18 8 0 
e 18 12 0 
t # 78# (0, 366, 10)
v 8 0
v 9 0
v 10 103
v 11 0
v 12 0
v 13 0
v 14 0
v 15 1
e 8 9 0 
e 9 8 0 
e 9 10 0 
e 9 15 0 
e 10 9 0 
e 10 11 0 
e 11 10 0 
e 11 12 0 
e 11 13 0 
e 11 14 0 
e 12 11 0 
e 13 11 0 
e 14 11 0 
e 14 15 0 
e 15 9 0 
e 15 14 0 
t # 79# (0, 370, 4)
v 2 3
v 3 0
v 4 103
v 5 0
v 6 0
v 29 1
e 2 3 0 
e 3 2 0 
e 3 4 0 
e 3 29 0 
e 4 3 0 
e 4 5 0 
e 5 4 0 
e 5 6 0 
e 6 5 0 
e 29 3 0 
t # 80# (0, 370, 10)
v 6 0
v 8 1
v 9 0
v 10 103
v 11 0
v 12 0
e 6 11 0 
e 8 9 0 
e 9 8 0 
e 9 10 0 
e 9 12 0 
e 10 9 0 
e 10 11 0 
e 11 6 0 
e 11 10 0 
e 12 9 0 
t # 81# (1, 374, 6)
v 4 0
v 5 0
v 6 103
v 7 0
v 8 0
v 12 0
v 21 0
e 4 5 0 
e 5 4 0 
e 5 6 0 
e 5 21 0 
e 6 5 0 
e 6 7 0 
e 7 6 0 
e 7 8 0 
e 7 12 0 
e 8 7 0 
e 12 7 0 
e 21 5 0 
t # 82# (1, 376, 19)
v 13 0
v 14 0
v 15 0
v 19 103
v 20 0
v 21 0
v 25 0
e 13 14 0 
e 14 13 0 
e 14 15 0 
e 14 19 0 
e 15 14 0 
e 19 14 0 
e 19 20 0 
e 20 19 0 
e 20 21 0 
e 20 25 0 
e 21 20 0 
e 25 20 0 
t # 83# (0, 377, 6)
v 3 0
v 4 0
v 5 0
v 6 103
v 7 0
v 8 0
v 23 1
v 24 0
e 3 4 0 
e 4 3 0 
e 4 5 0 
e 4 6 0 
e 4 24 0 
e 5 4 0 
e 6 4 0 
e 6 7 0 
e 7 6 0 
e 7 8 0 
e 7 23 0 
e 8 7 0 
e 23 7 0 
e 23 24 0 
e 24 4 0 
e 24 23 0 
t # 84# (0, 382, 9)
v 7 0
v 8 0
v 9 103
v 10 0
v 11 0
v 13 1
e 7 8 0 
e 8 7 0 
e 8 9 0 
e 8 13 0 
e 9 8 0 
e 9 10 0 
e 10 9 0 
e 10 11 0 
e 11 10 0 
e 13 8 0 
t # 85# (0, 382, 20)
v 11 0
v 19 0
v 20 103
v 21 0
v 22 3
v 30 1
e 11 19 0 
e 19 11 0 
e 19 20 0 
e 20 19 0 
e 20 21 0 
e 21 20 0 
e 21 22 0 
e 21 30 0 
e 22 21 0 
e 30 21 0 
t # 86# (0, 382, 22)
v 20 3
v 21 0
v 22 103
v 23 0
v 24 0
v 28 0
v 30 1
e 20 21 0 
e 21 20 0 
e 21 22 0 
e 21 30 0 
e 22 21 0 
e 22 23 0 
e 23 22 0 
e 23 24 0 
e 23 28 0 
e 24 23 0 
e 28 23 0 
e 28 30 0 
e 30 21 0 
e 30 28 0 
t # 87# (0, 382, 32)
v 32 100
v 33 3
v 34 0
v 3 0
v 36 1
v 31 0
e 32 31 0 
e 32 33 0 
e 33 32 0 
e 33 34 0 
e 34 33 0 
e 34 36 0 
e 3 31 0 
e 36 34 0 
e 36 31 0 
e 31 32 0 
e 31 3 0 
e 31 36 0 
t # 88# (0, 382, 33)
v 32 0
v 33 103
v 34 0
v 35 1
v 36 1
v 31 0
e 32 31 0 
e 32 33 0 
e 33 32 0 
e 33 34 0 
e 34 33 0 
e 34 35 0 
e 34 36 0 
e 35 34 0 
e 36 34 0 
e 36 31 0 
e 31 32 0 
e 31 36 0 
t # 89# (1, 385, 17)
v 11 0
v 15 0
v 16 0
v 17 103
v 18 0
v 19 0
v 24 0
e 11 16 0 
e 15 16 0 
e 16 11 0 
e 16 15 0 
e 16 17 0 
e 17 16 0 
e 17 18 0 
e 18 17 0 
e 18 19 0 
e 18 24 0 
e 19 18 0 
e 24 18 0 
t # 90# (0, 403, 6)
v 2 1
v 5 0
v 6 103
v 7 0
v 8 0
v 51 0
v 52 1
e 2 5 0 
e 5 2 0 
e 5 6 0 
e 5 52 0 
e 6 5 0 
e 6 7 0 
e 7 6 0 
e 7 8 0 
e 7 51 0 
e 8 7 0 
e 51 7 0 
e 51 52 0 
e 52 5 0 
e 52 51 0 
t # 91# (1, 406, 13)
v 7 0
v 11 0
v 12 0
v 13 103
v 14 0
v 15 0
v 19 0
e 7 12 0 
e 11 12 0 
e 12 7 0 
e 12 11 0 
e 12 13 0 
e 13 12 0 
e 13 14 0 
e 14 13 0 
e 14 15 0 
e 14 19 0 
e 15 14 0 
e 19 14 0 
t # 92# (1, 413, 10)
v 3 0
v 4 0
v 5 0
v 8 0
v 9 0
v 10 103
v 11 0
e 3 4 0 
e 4 3 0 
e 4 5 0 
e 4 10 0 
e 5 4 0 
e 8 9 0 
e 9 8 0 
e 9 10 0 
e 9 11 0 
e 10 4 0 
e 10 9 0 
e 11 9 0 
t # 93# (0, 420, 20)
v 18 0
v 19 0
v 20 103
v 21 0
e 18 19 0 
e 19 18 0 
e 19 20 0 
e 20 19 0 
e 20 21 0 
e 21 20 0 
t # 94# (0, 420, 21)
v 19 0
v 20 3
v 21 100
e 19 20 0 
e 20 19 0 
e 20 21 0 
e 21 20 0 
t # 95# (0, 421, 14)
v 11 0
v 12 1
v 13 0
v 14 103
v 15 0
v 16 0
v 17 0
v 18 0
e 11 12 0 
e 11 15 0 
e 12 11 0 
e 12 13 0 
e 13 12 0 
e 13 14 0 
e 13 18 0 
e 14 13 0 
e 14 15 0 
e 15 11 0 
e 15 14 0 
e 15 16 0 
e 15 17 0 
e 16 15 0 
e 17 15 0 
e 18 13 0 
t # 96# (1, 427, 19)
v 8 0
v 9 0
v 10 1
v 11 0
v 17 0
v 18 0
v 19 103
e 8 9 0 
e 9 8 0 
e 9 10 0 
e 9 19 0 
e 10 9 0 
e 10 11 0 
e 11 10 0 
e 11 18 0 
e 17 18 0 
e 18 11 0 
e 18 17 0 
e 18 19 0 
e 19 9 0 
e 19 18 0 
t # 97# (0, 434, 7)
v 4 0
v 6 0
v 7 103
v 8 0
v 9 3
v 10 0
e 4 6 0 
e 6 4 0 
e 6 7 0 
e 6 9 0 
e 7 6 0 
e 7 8 0 
e 8 7 0 
e 8 9 0 
e 8 10 0 
e 9 6 0 
e 9 8 0 
e 10 8 0 
t # 98# (0, 434, 8)
v 6 0
v 7 3
v 8 100
v 9 3
v 10 0
v 11 0
v 14 0
e 6 7 0 
e 6 9 0 
e 7 6 0 
e 7 8 0 
e 8 7 0 
e 8 9 0 
e 8 10 0 
e 9 6 0 
e 9 8 0 
e 10 8 0 
e 10 11 0 
e 10 14 0 
e 11 10 0 
e 14 10 0 
t # 99# (0, 434, 9)
v 4 0
v 6 0
v 7 3
v 8 0
v 9 103
v 10 0
e 4 6 0 
e 6 4 0 
e 6 7 0 
e 6 9 0 
e 7 6 0 
e 7 8 0 
e 8 7 0 
e 8 9 0 
e 8 10 0 
e 9 6 0 
e 9 8 0 
e 10 8 0 
t # 100# (0, 434, 18)
v 2 0
v 17 0
v 18 103
v 19 0
v 20 0
v 22 1
e 2 17 0 
e 17 2 0 
e 17 18 0 
e 17 22 0 
e 18 17 0 
e 18 19 0 
e 19 18 0 
e 19 20 0 
e 20 19 0 
e 22 17 0 
t # 101# (0, 434, 29)
v 34 1
v 20 0
v 28 0
v 29 103
v 30 0
v 31 1
e 34 30 0 
e 20 28 0 
e 28 20 0 
e 28 29 0 
e 29 28 0 
e 29 30 0 
e 30 34 0 
e 30 29 0 
e 30 31 0 
e 31 30 0 
t # 102# (0, 441, 9)
v 6 0
v 7 1
v 8 0
v 9 103
v 10 0
v 11 0
v 12 0
v 13 0
e 6 7 0 
e 6 10 0 
e 7 6 0 
e 7 8 0 
e 8 7 0 
e 8 9 0 
e 8 13 0 
e 9 8 0 
e 9 10 0 
e 10 6 0 
e 10 9 0 
e 10 11 0 
e 10 12 0 
e 11 10 0 
e 12 10 0 
e 13 8 0 
t # 103# (1, 448, 5)
v 3 1
v 4 0
v 5 100
v 6 3
v 7 0
v 8 0
e 3 4 0 
e 4 3 0 
e 4 5 0 
e 4 8 0 
e 5 4 0 
e 5 6 0 
e 6 5 0 
e 6 7 0 
e 7 6 0 
e 7 8 0 
e 8 4 0 
e 8 7 0 
t # 104# (1, 448, 6)
v 4 0
v 5 0
v 6 103
v 7 0
v 8 0
e 4 5 0 
e 4 8 0 
e 5 4 0 
e 5 6 0 
e 6 5 0 
e 6 7 0 
e 7 6 0 
e 7 8 0 
e 8 4 0 
e 8 7 0 
t # 105# (1, 448, 12)
v 0 0
v 1 0
v 10 0
v 11 0
v 12 103
e 0 1 0 
e 0 12 0 
e 1 0 0 
e 1 10 0 
e 10 1 0 
e 10 11 0 
e 11 10 0 
e 11 12 0 
e 12 0 0 
e 12 11 0 
t # 106# (0, 459, 7)
v 5 0
v 6 0
v 7 103
v 8 0
v 9 0
v 11 1
e 5 6 0 
e 6 5 0 
e 6 7 0 
e 6 11 0 
e 7 6 0 
e 7 8 0 
e 8 7 0 
e 8 9 0 
e 9 8 0 
e 11 6 0 
t # 107# (0, 459, 8)
v 6 0
v 7 3
v 8 100
v 9 0
v 10 0
v 17 8
e 6 7 0 
e 7 6 0 
e 7 8 0 
e 8 7 0 
e 8 9 0 
e 9 8 0 
e 9 10 0 
e 9 17 0 
e 10 9 0 
e 17 9 0 
t # 108# (1, 461, 11)
v 4 0
v 5 0
v 6 0
v 9 0
v 10 0
v 11 103
v 12 0
e 4 5 0 
e 5 4 0 
e 5 6 0 
e 5 11 0 
e 6 5 0 
e 9 10 0 
e 10 9 0 
e 10 11 0 
e 10 12 0 
e 11 5 0 
e 11 10 0 
e 12 10 0 
t # 109# (1, 463, 28)
v 1 0
v 24 0
v 25 0
v 28 103
v 29 0
v 30 0
e 1 24 0 
e 24 1 0 
e 24 25 0 
e 24 28 0 
e 25 24 0 
e 28 24 0 
e 28 29 0 
e 29 28 0 
e 29 30 0 
e 30 29 0 
t # 110# (1, 470, 14)
v 4 0
v 5 0
v 6 0
v 8 0
v 9 0
v 10 0
v 14 103
e 4 5 0 
e 5 4 0 
e 5 6 0 
e 5 14 0 
e 6 5 0 
e 8 9 0 
e 9 8 0 
e 9 10 0 
e 9 14 0 
e 10 9 0 
e 14 5 0 
e 14 9 0 
t # 111# (0, 473, 3)
v 0 0
v 1 0
v 2 0
v 3 103
v 4 0
v 5 0
v 25 1
v 26 0
e 0 1 0 
e 1 0 0 
e 1 2 0 
e 1 3 0 
e 1 26 0 
e 2 1 0 
e 3 1 0 
e 3 4 0 
e 4 3 0 
e 4 5 0 
e 4 25 0 
e 5 4 0 
e 25 4 0 
e 25 26 0 
e 26 1 0 
e 26 25 0 
t # 112# (1, 475, 17)
v 7 0
v 8 0
v 9 0
v 11 0
v 12 0
v 13 0
v 17 103
e 7 8 0 
e 8 7 0 
e 8 9 0 
e 8 17 0 
e 9 8 0 
e 11 12 0 
e 12 11 0 
e 12 13 0 
e 12 17 0 
e 13 12 0 
e 17 8 0 
e 17 12 0 
t # 113# (0, 476, 8)
v 4 0
v 6 1
v 7 0
v 8 103
v 9 0
v 10 0
e 4 9 0 
e 6 7 0 
e 7 6 0 
e 7 8 0 
e 7 10 0 
e 8 7 0 
e 8 9 0 
e 9 4 0 
e 9 8 0 
e 10 7 0 
t # 114# (0, 483, 9)
v 6 0
v 7 1
v 8 0
v 9 103
v 10 0
v 11 0
v 12 0
v 13 0
e 6 7 0 
e 6 10 0 
e 7 6 0 
e 7 8 0 
e 8 7 0 
e 8 9 0 
e 8 13 0 
e 9 8 0 
e 9 10 0 
e 10 6 0 
e 10 9 0 
e 10 11 0 
e 10 12 0 
e 11 10 0 
e 12 10 0 
e 13 8 0 
t # 115# (1, 487, 3)
v 1 0
v 2 0
v 3 103
v 4 0
v 5 0
v 17 0
e 1 2 0 
e 2 1 0 
e 2 3 0 
e 3 2 0 
e 3 4 0 
e 4 3 0 
e 4 5 0 
e 4 17 0 
e 5 4 0 
e 17 4 0 
t # 116# (1, 496, 2)
v 0 0
v 1 0
v 2 103
v 3 0
v 4 0
e 0 1 0 
e 1 0 0 
e 1 2 0 
e 1 4 0 
e 2 1 0 
e 2 3 0 
e 3 2 0 
e 4 1 0 
t # 117# (1, 496, 3)
v 1 0
v 2 3
v 3 100
e 1 2 0 
e 2 1 0 
e 2 3 0 
e 3 2 0 
t # 118# (1, 496, 15)
v 5 0
v 6 0
v 7 0
v 9 0
v 10 0
v 11 0
v 15 103
e 5 6 0 
e 6 5 0 
e 6 7 0 
e 6 15 0 
e 7 6 0 
e 9 10 0 
e 10 9 0 
e 10 11 0 
e 10 15 0 
e 11 10 0 
e 15 6 0 
e 15 10 0 
t # 119# (1, 497, 6)
v 0 0
v 4 0
v 5 0
v 6 103
v 7 0
v 8 0
v 12 0
e 0 5 0 
e 4 5 0 
e 5 0 0 
e 5 4 0 
e 5 6 0 
e 6 5 0 
e 6 7 0 
e 7 6 0 
e 7 8 0 
e 7 12 0 
e 8 7 0 
e 12 7 0 
t # 120# (0, 506, 12)
v 10 0
v 11 0
v 12 103
v 13 0
v 14 0
v 16 1
e 10 11 0 
e 11 10 0 
e 11 12 0 
e 11 16 0 
e 12 11 0 
e 12 13 0 
e 13 12 0 
e 13 14 0 
e 14 13 0 
e 16 11 0 
t # 121# (0, 506, 31)
v 32 0
v 33 3
v 37 1
v 14 0
v 30 0
v 31 103
e 32 31 0 
e 32 33 0 
e 32 37 0 
e 33 32 0 
e 37 32 0 
e 14 30 0 
e 30 14 0 
e 30 31 0 
e 31 32 0 
e 31 30 0 
t # 122# (1, 508, 16)
v 12 0
v 13 0
v 14 0
v 16 103
v 17 0
v 18 0
e 12 13 0 
e 12 18 0 
e 13 12 0 
e 13 14 0 
e 13 16 0 
e 14 13 0 
e 16 13 0 
e 16 17 0 
e 17 16 0 
e 17 18 0 
e 18 12 0 
e 18 17 0 
t # 123# (0, 509, 9)
v 7 0
v 8 0
v 9 103
v 10 0
v 11 0
e 7 8 0 
e 8 7 0 
e 8 9 0 
e 9 8 0 
e 9 10 0 
e 10 9 0 
e 10 11 0 
e 11 10 0 
t # 124# (1, 513, 13)
v 7 0
v 11 0
v 12 0
v 13 103
v 14 0
v 15 0
v 20 0
e 7 12 0 
e 11 12 0 
e 12 7 0 
e 12 11 0 
e 12 13 0 
e 13 12 0 
e 13 14 0 
e 14 13 0 
e 14 15 0 
e 14 20 0 
e 15 14 0 
e 20 14 0 
t # 125# (0, 516, 15)
v 7 0
v 14 0
v 15 100
v 16 3
v 17 0
v 19 1
e 7 14 0 
e 14 7 0 
e 14 15 0 
e 14 19 0 
e 15 14 0 
e 15 16 0 
e 16 15 0 
e 16 17 0 
e 17 16 0 
e 17 19 0 
e 19 14 0 
e 19 17 0 
t # 126# (0, 516, 16)
v 14 0
v 15 0
v 16 103
v 17 0
v 18 1
v 19 1
e 14 15 0 
e 14 19 0 
e 15 14 0 
e 15 16 0 
e 16 15 0 
e 16 17 0 
e 17 16 0 
e 17 18 0 
e 17 19 0 
e 18 17 0 
e 19 14 0 
e 19 17 0 
t # 127# (0, 519, 6)
v 4 0
v 5 0
v 6 103
v 7 0
v 8 0
e 4 5 0 
e 5 4 0 
e 5 6 0 
e 6 5 0 
e 6 7 0 
e 7 6 0 
e 7 8 0 
e 8 7 0 
t # 128# (0, 519, 7)
v 5 0
v 6 3
v 7 100
v 8 0
v 9 0
v 16 1
e 5 6 0 
e 6 5 0 
e 6 7 0 
e 7 6 0 
e 7 8 0 
e 8 7 0 
e 8 9 0 
e 8 16 0 
e 9 8 0 
e 16 8 0 
t # 129# (0, 519, 9)
v 7 0
v 8 0
v 9 100
v 10 3
v 11 0
v 16 1
e 7 8 0 
e 8 7 0 
e 8 9 0 
e 8 16 0 
e 9 8 0 
e 9 10 0 
e 10 9 0 
e 10 11 0 
e 11 10 0 
e 11 16 0 
e 16 8 0 
e 16 11 0 
t # 130# (0, 519, 10)
v 8 0
v 9 0
v 10 103
v 11 0
v 12 1
v 16 1
e 8 9 0 
e 8 16 0 
e 9 8 0 
e 9 10 0 
e 10 9 0 
e 10 11 0 
e 11 10 0 
e 11 12 0 
e 11 16 0 
e 12 11 0 
e 16 8 0 
e 16 11 0 
t # 131# (1, 541, 3)
v 0 0
v 1 0
v 2 5
v 3 103
v 4 0
v 5 0
v 13 1
e 0 1 0 
e 0 5 0 
e 1 0 0 
e 1 2 0 
e 1 3 0 
e 2 1 0 
e 3 1 0 
e 3 4 0 
e 4 3 0 
e 4 5 0 
e 4 13 0 
e 5 0 0 
e 5 4 0 
e 13 4 0 
t # 132# (0, 550, 2)
v 0 1
v 1 0
v 2 103
v 3 0
v 4 0
v 5 1
e 0 1 0 
e 1 0 0 
e 1 2 0 
e 1 5 0 
e 2 1 0 
e 2 3 0 
e 3 2 0 
e 3 4 0 
e 4 3 0 
e 4 5 0 
e 5 1 0 
e 5 4 0 
t # 133# (0, 550, 3)
v 1 0
v 2 3
v 3 100
v 4 0
v 5 1
v 6 0
e 1 2 0 
e 1 5 0 
e 2 1 0 
e 2 3 0 
e 3 2 0 
e 3 4 0 
e 4 3 0 
e 4 5 0 
e 4 6 0 
e 5 1 0 
e 5 4 0 
e 6 4 0 
t # 134# (0, 550, 14)
v 12 0
v 13 0
v 14 103
v 15 0
v 16 0
v 18 1
e 12 13 0 
e 13 12 0 
e 13 14 0 
e 13 18 0 
e 14 13 0 
e 14 15 0 
e 15 14 0 
e 15 16 0 
e 16 15 0 
e 18 13 0 
t # 135# (1, 552, 30)
v 28 0
v 29 3
v 30 100
e 28 29 0 
e 29 28 0 
e 29 30 0 
e 30 29 0 
t # 136# (0, 554, 8)
v 6 0
v 7 0
v 8 103
v 9 0
v 10 0
v 11 0
e 6 7 0 
e 7 6 0 
e 7 8 0 
e 7 11 0 
e 8 7 0 
e 8 9 0 
e 9 8 0 
e 9 10 0 
e 10 9 0 
e 10 11 0 
e 11 7 0 
e 11 10 0 
t # 137# (0, 554, 13)
v 2 0
v 12 0
v 13 103
v 14 0
v 15 0
v 17 1
e 2 12 0 
e 12 2 0 
e 12 13 0 
e 12 17 0 
e 13 12 0 
e 13 14 0 
e 14 13 0 
e 14 15 0 
e 15 14 0 
e 17 12 0 
t # 138# (0, 558, 3)
v 0 0
v 1 0
v 2 0
v 3 103
v 4 0
v 5 0
v 27 1
v 28 0
e 0 1 0 
e 1 0 0 
e 1 2 0 
e 1 3 0 
e 1 28 0 
e 2 1 0 
e 3 1 0 
e 3 4 0 
e 4 3 0 
e 4 5 0 
e 4 27 0 
e 5 4 0 
e 27 4 0 
e 27 28 0 
e 28 1 0 
e 28 27 0 
t # 139# (1, 559, 15)
v 9 0
v 13 0
v 14 0
v 15 103
v 16 0
v 17 0
v 21 0
e 9 14 0 
e 13 14 0 
e 14 9 0 
e 14 13 0 
e 14 15 0 
e 15 14 0 
e 15 16 0 
e 16 15 0 
e 16 17 0 
e 16 21 0 
e 17 16 0 
e 21 16 0 
t # 140# (1, 573, 8)
v 3 0
v 4 0
v 5 0
v 6 1
v 7 0
v 8 103
v 9 1
e 3 4 0 
e 4 3 0 
e 4 5 0 
e 4 8 0 
e 5 4 0 
e 5 6 0 
e 6 5 0 
e 6 7 0 
e 7 6 0 
e 7 8 0 
e 7 9 0 
e 8 4 0 
e 8 7 0 
e 9 7 0 
t # 141# (0, 575, 3)
v 0 0
v 1 0
v 2 0
v 3 103
v 4 0
v 5 0
v 17 1
v 18 0
e 0 1 0 
e 1 0 0 
e 1 2 0 
e 1 3 0 
e 1 18 0 
e 2 1 0 
e 3 1 0 
e 3 4 0 
e 4 3 0 
e 4 5 0 
e 4 17 0 
e 5 4 0 
e 17 4 0 
e 17 18 0 
e 18 1 0 
e 18 17 0 
t # 142# (1, 576, 10)
v 8 0
v 9 0
v 10 103
v 11 0
v 12 0
e 8 9 0 
e 9 8 0 
e 9 10 0 
e 10 9 0 
e 10 11 0 
e 11 10 0 
e 11 12 0 
e 12 11 0 
t # 143# (1, 576, 11)
v 9 0
v 10 3
v 11 100
v 12 0
v 13 0
v 17 1
e 9 10 0 
e 10 9 0 
e 10 11 0 
e 11 10 0 
e 11 12 0 
e 12 11 0 
e 12 13 0 
e 12 17 0 
e 13 12 0 
e 17 12 0 
t # 144# (1, 583, 15)
v 9 0
v 13 0
v 14 0
v 15 103
v 16 0
v 17 0
v 21 0
e 9 14 0 
e 13 14 0 
e 14 9 0 
e 14 13 0 
e 14 15 0 
e 15 14 0 
e 15 16 0 
e 16 15 0 
e 16 17 0 
e 16 21 0 
e 17 16 0 
e 21 16 0 
t # 145# (1, 587, 7)
v 5 0
v 6 0
v 7 103
v 8 0
v 9 0
v 13 0
v 29 0
e 5 6 0 
e 6 5 0 
e 6 7 0 
e 6 29 0 
e 7 6 0 
e 7 8 0 
e 8 7 0 
e 8 9 0 
e 8 13 0 
e 9 8 0 
e 13 8 0 
e 29 6 0 
t # 146# (1, 587, 28)
v 20 0
v 21 0
v 22 0
v 24 1
v 25 0
v 27 0
v 28 103
e 20 21 0 
e 21 20 0 
e 21 22 0 
e 21 24 0 
e 21 28 0 
e 22 21 0 
e 24 21 0 
e 24 25 0 
e 25 24 0 
e 25 27 0 
e 27 25 0 
e 27 28 0 
e 28 21 0 
e 28 27 0 
t # 147# (0, 591, 18)
v 15 0
v 16 1
v 17 0
v 18 103
v 19 0
v 20 0
v 21 0
v 22 0
e 15 16 0 
e 15 19 0 
e 16 15 0 
e 16 17 0 
e 17 16 0 
e 17 18 0 
e 17 22 0 
e 18 17 0 
e 18 19 0 
e 19 15 0 
e 19 18 0 
e 19 20 0 
e 19 21 0 
e 20 19 0 
e 21 19 0 
e 22 17 0 
t # 148# (1, 627, 15)
v 9 0
v 13 0
v 14 0
v 15 103
v 16 0
v 17 1
v 20 1
e 9 14 0 
e 13 14 0 
e 14 9 0 
e 14 13 0 
e 14 15 0 
e 15 14 0 
e 15 16 0 
e 16 15 0 
e 16 17 0 
e 16 20 0 
e 17 16 0 
e 20 16 0 
t # 149# (0, 628, 10)
v 5 1
v 8 1
v 9 0
v 10 103
v 11 0
v 12 0
e 5 9 0 
e 8 9 0 
e 9 5 0 
e 9 8 0 
e 9 10 0 
e 10 9 0 
e 10 11 0 
e 11 10 0 
e 11 12 0 
e 12 11 0 
t # 150# (0, 628, 16)
v 12 0
v 14 1
v 15 0
v 16 103
v 17 0
v 18 0
e 12 17 0 
e 14 15 0 
e 15 14 0 
e 15 16 0 
e 15 18 0 
e 16 15 0 
e 16 17 0 
e 17 12 0 
e 17 16 0 
e 18 15 0 
t # 151# (0, 628, 24)
v 22 0
v 23 0
v 24 100
v 25 3
v 26 0
v 28 1
e 22 23 0 
e 23 22 0 
e 23 24 0 
e 23 28 0 
e 24 23 0 
e 24 25 0 
e 25 24 0 
e 25 26 0 
e 26 25 0 
e 26 28 0 
e 28 23 0 
e 28 26 0 
t # 152# (0, 628, 25)
v 23 0
v 24 0
v 25 103
v 26 0
v 27 1
v 28 1
e 23 24 0 
e 23 28 0 
e 24 23 0 
e 24 25 0 
e 25 24 0 
e 25 26 0 
e 26 25 0 
e 26 27 0 
e 26 28 0 
e 27 26 0 
e 28 23 0 
e 28 26 0 
t # 153# (0, 633, 7)
v 4 0
v 6 0
v 7 103
v 8 0
v 9 0
e 4 6 0 
e 6 4 0 
e 6 7 0 
e 7 6 0 
e 7 8 0 
e 8 7 0 
e 8 9 0 
e 9 8 0 
t # 154# (0, 633, 15)
v 2 0
v 14 0
v 15 103
v 16 0
v 17 0
v 19 1
e 2 14 0 
e 14 2 0 
e 14 15 0 
e 14 19 0 
e 15 14 0 
e 15 16 0 
e 16 15 0 
e 16 17 0 
e 17 16 0 
e 19 14 0 
t # 155# (0, 633, 26)
v 17 0
v 25 0
v 26 103
v 27 0
v 28 1
v 31 1
e 17 25 0 
e 25 17 0 
e 25 26 0 
e 26 25 0 
e 26 27 0 
e 27 26 0 
e 27 28 0 
e 27 31 0 
e 28 27 0 
e 31 27 0 
t # 156# (0, 646, 9)
v 5 0
v 7 1
v 8 0
v 9 103
v 10 0
v 11 0
e 5 10 0 
e 7 8 0 
e 8 7 0 
e 8 9 0 
e 8 11 0 
e 9 8 0 
e 9 10 0 
e 10 5 0 
e 10 9 0 
e 11 8 0 
t # 157# (1, 651, 18)
v 16 0
v 17 0
v 18 103
v 19 0
v 20 0
v 21 0
e 16 17 0 
e 17 16 0 
e 17 18 0 
e 17 21 0 
e 18 17 0 
e 18 19 0 
e 19 18 0 
e 19 20 0 
e 20 19 0 
e 20 21 0 
e 21 17 0 
e 21 20 0 
t # 158# (1, 658, 8)
v 6 0
v 7 0
v 8 103
v 9 0
v 10 0
v 14 0
v 28 0
e 6 7 0 
e 7 6 0 
e 7 8 0 
e 7 28 0 
e 8 7 0 
e 8 9 0 
e 9 8 0 
e 9 10 0 
e 9 14 0 
e 10 9 0 
e 14 9 0 
e 28 7 0 
t # 159# (0, 673, 9)
v 7 0
v 8 0
v 9 103
v 10 0
v 11 0
v 13 1
e 7 8 0 
e 8 7 0 
e 8 9 0 
e 8 13 0 
e 9 8 0 
e 9 10 0 
e 10 9 0 
e 10 11 0 
e 11 10 0 
e 13 8 0 
t # 160# (0, 673, 20)
v 11 0
v 19 0
v 20 103
v 21 0
v 22 1
v 25 1
e 11 19 0 
e 19 11 0 
e 19 20 0 
e 20 19 0 
e 20 21 0 
e 21 20 0 
e 21 22 0 
e 21 25 0 
e 22 21 0 
e 25 21 0 
t # 161# (0, 673, 28)
v 32 1
v 3 0
v 27 0
v 28 100
v 29 3
v 30 0
e 32 27 0 
e 32 30 0 
e 3 27 0 
e 27 32 0 
e 27 3 0 
e 27 28 0 
e 28 27 0 
e 28 29 0 
e 29 28 0 
e 29 30 0 
e 30 32 0 
e 30 29 0 
t # 162# (0, 673, 29)
v 32 1
v 27 0
v 28 0
v 29 103
v 30 0
v 31 1
e 32 27 0 
e 32 30 0 
e 27 32 0 
e 27 28 0 
e 28 27 0 
e 28 29 0 
e 29 28 0 
e 29 30 0 
e 30 32 0 
e 30 29 0 
e 30 31 0 
e 31 30 0 
t # 163# (0, 675, 4)
v 1 0
v 2 0
v 3 0
v 4 103
v 5 0
v 6 0
v 17 1
v 18 0
e 1 2 0 
e 2 1 0 
e 2 3 0 
e 2 4 0 
e 2 18 0 
e 3 2 0 
e 4 2 0 
e 4 5 0 
e 5 4 0 
e 5 6 0 
e 5 17 0 
e 6 5 0 
e 17 5 0 
e 17 18 0 
e 18 2 0 
e 18 17 0 
t # 164# (0, 675, 11)
v 8 0
v 10 0
v 11 103
v 12 0
v 13 0
e 8 10 0 
e 10 8 0 
e 10 11 0 
e 11 10 0 
e 11 12 0 
e 12 11 0 
e 12 13 0 
e 13 12 0 
t # 165# (0, 678, 4)
v 2 3
v 3 0
v 4 103
v 5 0
v 6 0
v 30 1
e 2 3 0 
e 3 2 0 
e 3 4 0 
e 3 30 0 
e 4 3 0 
e 4 5 0 
e 5 4 0 
e 5 6 0 
e 6 5 0 
e 30 3 0 
t # 166# (0, 678, 10)
v 6 0
v 8 1
v 9 0
v 10 103
v 11 0
v 12 0
e 6 11 0 
e 8 9 0 
e 9 8 0 
e 9 10 0 
e 9 12 0 
e 10 9 0 
e 10 11 0 
e 11 6 0 
e 11 10 0 
e 12 9 0 
t # 167# (1, 682, 10)
v 0 0
v 1 1
v 2 0
v 3 0
v 4 0
v 10 103
e 0 1 0 
e 0 10 0 
e 1 0 0 
e 1 2 0 
e 2 1 0 
e 2 3 0 
e 3 2 0 
e 3 4 0 
e 3 10 0 
e 4 3 0 
e 10 0 0 
e 10 3 0 
t # 168# (0, 683, 2)
v 0 1
v 1 0
v 2 100
v 3 3
v 4 0
v 9 0
e 0 1 0 
e 0 4 0 
e 1 0 0 
e 1 2 0 
e 1 9 0 
e 2 1 0 
e 2 3 0 
e 3 2 0 
e 3 4 0 
e 4 0 0 
e 4 3 0 
e 9 1 0 
t # 169# (0, 683, 3)
v 0 1
v 1 0
v 2 0
v 3 103
v 4 0
v 5 1
e 0 1 0 
e 0 4 0 
e 1 0 0 
e 1 2 0 
e 2 1 0 
e 2 3 0 
e 3 2 0 
e 3 4 0 
e 4 0 0 
e 4 3 0 
e 4 5 0 
e 5 4 0 
t # 170# (1, 694, 17)
v 7 0
v 8 0
v 9 0
v 11 0
v 12 0
v 13 0
v 17 103
e 7 8 0 
e 8 7 0 
e 8 9 0 
e 8 17 0 
e 9 8 0 
e 11 12 0 
e 12 11 0 
e 12 13 0 
e 12 17 0 
e 13 12 0 
e 17 8 0 
e 17 12 0 
t # 171# (0, 701, 7)
v 3 0
v 5 1
v 6 0
v 7 103
v 8 0
v 9 0
e 3 8 0 
e 5 6 0 
e 6 5 0 
e 6 7 0 
e 6 9 0 
e 7 6 0 
e 7 8 0 
e 8 3 0 
e 8 7 0 
e 9 6 0 
t # 172# (0, 701, 17)
v 13 0
v 16 0
v 17 100
v 18 3
v 19 0
v 21 1
e 13 16 0 
e 16 13 0 
e 16 17 0 
e 16 21 0 
e 17 16 0 
e 17 18 0 
e 18 17 0 
e 18 19 0 
e 19 18 0 
e 19 21 0 
e 21 16 0 
e 21 19 0 
t # 173# (0, 701, 18)
v 16 0
v 17 0
v 18 103
v 19 0
v 20 1
v 21 1
e 16 17 0 
e 16 21 0 
e 17 16 0 
e 17 18 0 
e 18 17 0 
e 18 19 0 
e 19 18 0 
e 19 20 0 
e 19 21 0 
e 20 19 0 
e 21 16 0 
e 21 19 0 
t # 174# (1, 710, 15)
v 9 0
v 13 0
v 14 0
v 15 103
v 16 0
v 17 0
v 22 0
e 9 14 0 
e 13 14 0 
e 14 9 0 
e 14 13 0 
e 14 15 0 
e 15 14 0 
e 15 16 0 
e 16 15 0 
e 16 17 0 
e 16 22 0 
e 17 16 0 
e 22 16 0 
t # 175# (1, 714, 7)
v 3 0
v 4 0
v 5 0
v 7 103
v 8 0
v 9 0
e 3 4 0 
e 3 9 0 
e 4 3 0 
e 4 5 0 
e 4 7 0 
e 5 4 0 
e 7 4 0 
e 7 8 0 
e 8 7 0 
e 8 9 0 
e 9 3 0 
e 9 8 0 
t # 176# (1, 715, 2)
v 0 0
v 1 0
v 2 100
v 3 3
v 4 0
v 5 1
e 0 1 0 
e 1 0 0 
e 1 2 0 
e 1 5 0 
e 2 1 0 
e 2 3 0 
e 3 2 0 
e 3 4 0 
e 4 3 0 
e 4 5 0 
e 5 1 0 
e 5 4 0 
t # 177# (1, 715, 3)
v 1 0
v 2 0
v 3 103
v 4 0
v 5 1
v 6 1
e 1 2 0 
e 1 5 0 
e 2 1 0 
e 2 3 0 
e 3 2 0 
e 3 4 0 
e 4 3 0 
e 4 5 0 
e 4 6 0 
e 5 1 0 
e 5 4 0 
e 6 4 0 
t # 178# (1, 723, 8)
v 6 0
v 7 0
v 8 103
v 9 0
v 10 0
v 14 0
v 28 0
e 6 7 0 
e 7 6 0 
e 7 8 0 
e 7 28 0 
e 8 7 0 
e 8 9 0 
e 9 8 0 
e 9 10 0 
e 9 14 0 
e 10 9 0 
e 14 9 0 
e 28 7 0 
t # 179# (1, 726, 15)
v 5 0
v 6 0
v 7 0
v 9 0
v 10 0
v 11 0
v 15 103
e 5 6 0 
e 6 5 0 
e 6 7 0 
e 6 15 0 
e 7 6 0 
e 9 10 0 
e 10 9 0 
e 10 11 0 
e 10 15 0 
e 11 10 0 
e 15 6 0 
e 15 10 0 
t # 180# (1, 738, 13)
v 3 0
v 4 0
v 5 0
v 7 0
v 8 0
v 9 0
v 13 103
e 3 4 0 
e 4 3 0 
e 4 5 0 
e 4 13 0 
e 5 4 0 
e 7 8 0 
e 8 7 0 
e 8 9 0 
e 8 13 0 
e 9 8 0 
e 13 4 0 
e 13 8 0 
t # 181# (0, 740, 5)
v 1 0
v 3 1
v 4 0
v 5 103
v 6 0
v 7 0
e 1 6 0 
e 3 4 0 
e 4 3 0 
e 4 5 0 
e 4 7 0 
e 5 4 0 
e 5 6 0 
e 6 1 0 
e 6 5 0 
e 7 4 0 
t # 182# (0, 753, 8)
v 1 0
v 2 0
v 3 0
v 4 1
v 8 100
v 9 3
e 1 2 0 
e 1 9 0 
e 2 1 0 
e 2 3 0 
e 3 2 0 
e 3 4 0 
e 3 8 0 
e 4 3 0 
e 8 3 0 
e 8 9 0 
e 9 1 0 
e 9 8 0 
t # 183# (0, 753, 9)
v 0 0
v 1 0
v 2 0
v 3 0
v 8 0
v 9 103
e 0 1 0 
e 1 0 0 
e 1 2 0 
e 1 9 0 
e 2 1 0 
e 2 3 0 
e 3 2 0 
e 3 8 0 
e 8 3 0 
e 8 9 0 
e 9 1 0 
e 9 8 0 
t # 184# (1, 756, 6)
v 4 0
v 5 0
v 6 103
v 7 0
v 8 0
v 12 0
v 20 0
e 4 5 0 
e 5 4 0 
e 5 6 0 
e 5 20 0 
e 6 5 0 
e 6 7 0 
e 7 6 0 
e 7 8 0 
e 7 12 0 
e 8 7 0 
e 12 7 0 
e 20 5 0 
t # 185# (1, 762, 14)
v 6 0
v 7 0
v 8 0
v 14 103
v 15 0
v 16 1
v 17 1
e 6 7 0 
e 7 6 0 
e 7 8 0 
e 7 14 0 
e 8 7 0 
e 14 7 0 
e 14 15 0 
e 15 14 0 
e 15 16 0 
e 15 17 0 
e 16 15 0 
e 17 15 0 
t # 186# (0, 779, 15)
v 6 0
v 7 0
v 8 0
v 15 103
v 16 0
v 17 0
e 6 7 0 
e 7 6 0 
e 7 8 0 
e 7 15 0 
e 8 7 0 
e 15 7 0 
e 15 16 0 
e 16 15 0 
e 16 17 0 
e 17 16 0 
t # 187# (0, 780, 16)
v 6 0
v 15 0
v 16 100
v 17 3
v 18 0
v 20 1
e 6 15 0 
e 15 6 0 
e 15 16 0 
e 15 20 0 
e 16 15 0 
e 16 17 0 
e 17 16 0 
e 17 18 0 
e 18 17 0 
e 18 20 0 
e 20 15 0 
e 20 18 0 
t # 188# (0, 780, 17)
v 15 0
v 16 0
v 17 103
v 18 0
v 19 1
v 20 1
e 15 16 0 
e 15 20 0 
e 16 15 0 
e 16 17 0 
e 17 16 0 
e 17 18 0 
e 18 17 0 
e 18 19 0 
e 18 20 0 
e 19 18 0 
e 20 15 0 
e 20 18 0 
t # 189# (1, 785, 17)
v 7 0
v 8 0
v 9 0
v 11 0
v 12 0
v 13 0
v 17 103
e 7 8 0 
e 8 7 0 
e 8 9 0 
e 8 17 0 
e 9 8 0 
e 11 12 0 
e 12 11 0 
e 12 13 0 
e 12 17 0 
e 13 12 0 
e 17 8 0 
e 17 12 0 
t # 190# (1, 792, 2)
v 0 0
v 1 0
v 2 103
v 3 0
v 4 0
v 5 0
e 0 1 0 
e 0 4 0 
e 1 0 0 
e 1 2 0 
e 1 5 0 
e 2 1 0 
e 2 3 0 
e 3 2 0 
e 3 4 0 
e 4 0 0 
e 4 3 0 
e 5 1 0 
t # 191# (1, 796, 19)
v 9 0
v 10 0
v 11 0
v 13 0
v 14 0
v 15 0
v 19 103
e 9 10 0 
e 10 9 0 
e 10 11 0 
e 10 19 0 
e 11 10 0 
e 13 14 0 
e 14 13 0 
e 14 15 0 
e 14 19 0 
e 15 14 0 
e 19 10 0 
e 19 14 0 
t # 192# (0, 797, 3)
v 0 0
v 1 0
v 2 0
v 3 103
v 4 0
v 32 0
v 5 0
v 31 1
e 0 1 0 
e 1 0 0 
e 1 2 0 
e 1 3 0 
e 1 32 0 
e 2 1 0 
e 3 1 0 
e 3 4 0 
e 4 3 0 
e 4 5 0 
e 4 31 0 
e 32 1 0 
e 32 31 0 
e 5 4 0 
e 31 4 0 
e 31 32 0 
t # 193# (0, 803, 13)
v 11 0
v 12 0
v 13 103
v 14 0
v 15 0
e 11 12 0 
e 12 11 0 
e 12 13 0 
e 13 12 0 
e 13 14 0 
e 14 13 0 
e 14 15 0 
e 15 14 0 
t # 194# (1, 809, 18)
v 12 0
v 16 0
v 17 0
v 18 103
v 19 0
v 20 0
v 25 0
e 12 17 0 
e 16 17 0 
e 17 12 0 
e 17 16 0 
e 17 18 0 
e 18 17 0 
e 18 19 0 
e 19 18 0 
e 19 20 0 
e 19 25 0 
e 20 19 0 
e 25 19 0 
t # 195# (1, 817, 13)
v 11 0
v 12 0
v 13 103
v 14 0
v 15 1
v 19 0
e 11 12 0 
e 12 11 0 
e 12 13 0 
e 13 12 0 
e 13 14 0 
e 14 13 0 
e 14 15 0 
e 14 19 0 
e 15 14 0 
e 19 14 0 
t # 196# (1, 822, 13)
v 7 0
v 11 0
v 12 0
v 13 103
v 14 0
v 15 0
v 19 0
e 7 12 0 
e 11 12 0 
e 12 7 0 
e 12 11 0 
e 12 13 0 
e 13 12 0 
e 13 14 0 
e 14 13 0 
e 14 15 0 
e 14 19 0 
e 15 14 0 
e 19 14 0 
t # 197# (1, 831, 13)
v 3 0
v 4 0
v 5 0
v 7 0
v 8 0
v 9 0
v 13 103
e 3 4 0 
e 4 3 0 
e 4 5 0 
e 4 13 0 
e 5 4 0 
e 7 8 0 
e 8 7 0 
e 8 9 0 
e 8 13 0 
e 9 8 0 
e 13 4 0 
e 13 8 0 
t # 198# (1, 835, 0)
v 0 103
v 1 0
v 2 1
v 3 0
v 4 0
v 5 0
e 0 1 0 
e 0 4 0 
e 1 0 0 
e 1 2 0 
e 1 5 0 
e 2 1 0 
e 2 3 0 
e 3 2 0 
e 3 4 0 
e 4 0 0 
e 4 3 0 
e 5 1 0 
t # 199# (0, 844, 3)
v 0 0
v 1 0
v 2 0
v 3 103
v 4 0
v 5 0
v 19 1
v 20 0
e 0 1 0 
e 1 0 0 
e 1 2 0 
e 1 3 0 
e 1 20 0 
e 2 1 0 
e 3 1 0 
e 3 4 0 
e 4 3 0 
e 4 5 0 
e 4 19 0 
e 5 4 0 
e 19 4 0 
e 19 20 0 
e 20 1 0 
e 20 19 0 
t # 200# (0, 852, 6)
v 4 0
v 5 0
v 6 103
v 7 0
v 8 0
e 4 5 0 
e 5 4 0 
e 5 6 0 
e 6 5 0 
e 6 7 0 
e 7 6 0 
e 7 8 0 
e 8 7 0 
t # 201# (0, 856, 8)
v 6 0
v 7 0
v 8 103
v 9 0
v 10 0
e 6 7 0 
e 7 6 0 
e 7 8 0 
e 8 7 0 
e 8 9 0 
e 9 8 0 
e 9 10 0 
e 10 9 0 
t # 202# (1, 858, 12)
v 8 0
v 10 1
v 11 0
v 12 100
v 13 3
v 14 0
v 15 0
v 16 3
e 8 16 0 
e 10 11 0 
e 11 10 0 
e 11 12 0 
e 11 15 0 
e 12 11 0 
e 12 13 0 
e 12 16 0 
e 13 12 0 
e 13 14 0 
e 14 13 0 
e 14 15 0 
e 15 11 0 
e 15 14 0 
e 16 8 0 
e 16 12 0 
t # 203# (1, 858, 13)
v 11 0
v 12 0
v 13 103
v 14 0
v 15 0
v 16 3
e 11 12 0 
e 11 15 0 
e 12 11 0 
e 12 13 0 
e 12 16 0 
e 13 12 0 
e 13 14 0 
e 14 13 0 
e 14 15 0 
e 15 11 0 
e 15 14 0 
e 16 12 0 
t # 204# (1, 858, 16)
v 7 0
v 8 0
v 9 0
v 11 0
v 12 0
v 13 3
v 16 103
e 7 8 0 
e 8 7 0 
e 8 9 0 
e 8 16 0 
e 9 8 0 
e 11 12 0 
e 12 11 0 
e 12 13 0 
e 12 16 0 
e 13 12 0 
e 16 8 0 
e 16 12 0 
t # 205# (0, 859, 9)
v 6 0
v 7 1
v 8 0
v 9 100
v 10 3
v 11 0
e 6 7 0 
e 6 10 0 
e 7 6 0 
e 7 8 0 
e 8 7 0 
e 8 9 0 
e 8 11 0 
e 9 8 0 
e 9 10 0 
e 10 6 0 
e 10 9 0 
e 11 8 0 
t # 206# (0, 859, 10)
v 4 0
v 6 0
v 7 1
v 8 0
v 9 0
v 10 103
e 4 6 0 
e 6 4 0 
e 6 7 0 
e 6 10 0 
e 7 6 0 
e 7 8 0 
e 8 7 0 
e 8 9 0 
e 9 8 0 
e 9 10 0 
e 10 6 0 
e 10 9 0 
t # 207# (1, 862, 6)
v 3 0
v 4 0
v 5 0
v 6 103
v 7 0
v 8 0
v 20 0
e 3 4 0 
e 4 3 0 
e 4 5 0 
e 4 6 0 
e 5 4 0 
e 6 4 0 
e 6 7 0 
e 7 6 0 
e 7 8 0 
e 7 20 0 
e 8 7 0 
e 20 7 0 
t # 208# (1, 864, 18)
v 15 0
v 16 0
v 17 0
v 18 103
v 19 0
v 20 0
e 15 16 0 
e 15 19 0 
e 16 15 0 
e 16 17 0 
e 17 16 0 
e 17 18 0 
e 18 17 0 
e 18 19 0 
e 19 15 0 
e 19 18 0 
e 19 20 0 
e 20 19 0 
t # 209# (0, 868, 3)
v 0 0
v 1 0
v 2 0
v 3 103
v 4 0
v 5 0
v 19 1
v 20 0
e 0 1 0 
e 1 0 0 
e 1 2 0 
e 1 3 0 
e 1 20 0 
e 2 1 0 
e 3 1 0 
e 3 4 0 
e 4 3 0 
e 4 5 0 
e 4 19 0 
e 5 4 0 
e 19 4 0 
e 19 20 0 
e 20 1 0 
e 20 19 0 
t # 210# (1, 877, 2)
v 0 0
v 1 0
v 2 103
v 3 0
v 4 0
v 9 0
e 0 1 0 
e 0 4 0 
e 1 0 0 
e 1 2 0 
e 2 1 0 
e 2 3 0 
e 3 2 0 
e 3 4 0 
e 3 9 0 
e 4 0 0 
e 4 3 0 
e 9 3 0 
t # 211# (1, 878, 16)
v 10 0
v 14 0
v 15 0
v 16 103
v 17 0
v 18 0
v 22 0
e 10 15 0 
e 14 15 0 
e 15 10 0 
e 15 14 0 
e 15 16 0 
e 16 15 0 
e 16 17 0 
e 17 16 0 
e 17 18 0 
e 17 22 0 
e 18 17 0 
e 22 17 0 
t # 212# (1, 890, 2)
v 0 0
v 1 0
v 2 103
v 3 0
v 4 0
v 12 1
v 26 5
e 0 1 0 
e 0 4 0 
e 1 0 0 
e 1 2 0 
e 1 26 0 
e 2 1 0 
e 2 3 0 
e 3 2 0 
e 3 4 0 
e 3 12 0 
e 4 0 0 
e 4 3 0 
e 12 3 0 
e 26 1 0 
t # 213# (1, 895, 0)
v 0 103
v 1 0
v 2 0
v 3 1
v 4 0
v 5 1
e 0 1 0 
e 0 4 0 
e 1 0 0 
e 1 2 0 
e 2 1 0 
e 2 3 0 
e 3 2 0 
e 3 4 0 
e 4 0 0 
e 4 3 0 
e 4 5 0 
e 5 4 0 
t # 214# (1, 895, 1)
v 0 3
v 1 100
v 2 0
v 3 1
v 4 0
v 9 0
e 0 1 0 
e 0 4 0 
e 1 0 0 
e 1 2 0 
e 2 1 0 
e 2 3 0 
e 2 9 0 
e 3 2 0 
e 3 4 0 
e 4 0 0 
e 4 3 0 
e 9 2 0 
t # 215# (1, 908, 13)
v 3 0
v 4 0
v 5 0
v 7 0
v 8 0
v 9 0
v 13 103
e 3 4 0 
e 4 3 0 
e 4 5 0 
e 4 13 0 
e 5 4 0 
e 7 8 0 
e 8 7 0 
e 8 9 0 
e 8 13 0 
e 9 8 0 
e 13 4 0 
e 13 8 0 
t # 216# (1, 909, 6)
v 2 3
v 5 0
v 6 100
v 7 3
e 2 5 0 
e 5 2 0 
e 5 6 0 
e 6 5 0 
e 6 7 0 
e 7 6 0 
t # 217# (1, 909, 7)
v 5 0
v 6 0
v 7 103
e 5 6 0 
e 6 5 0 
e 6 7 0 
e 7 6 0 
t # 218# (0, 911, 4)
v 2 1
v 3 0
v 4 103
v 5 0
v 6 0
v 7 1
e 2 3 0 
e 3 2 0 
e 3 4 0 
e 3 7 0 
e 4 3 0 
e 4 5 0 
e 5 4 0 
e 5 6 0 
e 6 5 0 
e 6 7 0 
e 7 3 0 
e 7 6 0 
t # 219# (0, 911, 5)
v 3 0
v 4 3
v 5 100
v 6 0
v 7 1
v 8 0
e 3 4 0 
e 3 7 0 
e 4 3 0 
e 4 5 0 
e 5 4 0 
e 5 6 0 
e 6 5 0 
e 6 7 0 
e 6 8 0 
e 7 3 0 
e 7 6 0 
e 8 6 0 
t # 220# (0, 911, 19)
v 17 0
v 18 0
v 19 103
v 20 0
v 21 0
v 23 1
e 17 18 0 
e 18 17 0 
e 18 19 0 
e 18 23 0 
e 19 18 0 
e 19 20 0 
e 20 19 0 
e 20 21 0 
e 21 20 0 
e 23 18 0 
t # 221# (1, 913, 12)
v 6 0
v 10 0
v 11 0
v 12 103
v 13 0
v 14 0
v 18 0
e 6 11 0 
e 10 11 0 
e 11 6 0 
e 11 10 0 
e 11 12 0 
e 12 11 0 
e 12 13 0 
e 13 12 0 
e 13 14 0 
e 13 18 0 
e 14 13 0 
e 18 13 0 
t # 222# (0, 922, 8)
v 4 0
v 6 1
v 7 0
v 8 103
v 9 0
v 10 0
e 4 9 0 
e 6 7 0 
e 7 6 0 
e 7 8 0 
e 7 10 0 
e 8 7 0 
e 8 9 0 
e 9 4 0 
e 9 8 0 
e 10 7 0 
t # 223# (0, 922, 19)
v 14 0
v 18 0
v 19 100
v 20 3
v 21 0
v 23 1
e 14 18 0 
e 18 14 0 
e 18 19 0 
e 18 23 0 
e 19 18 0 
e 19 20 0 
e 20 19 0 
e 20 21 0 
e 21 20 0 
e 21 23 0 
e 23 18 0 
e 23 21 0 
t # 224# (0, 922, 20)
v 18 0
v 19 0
v 20 103
v 21 0
v 22 1
v 23 1
e 18 19 0 
e 18 23 0 
e 19 18 0 
e 19 20 0 
e 20 19 0 
e 20 21 0 
e 21 20 0 
e 21 22 0 
e 21 23 0 
e 22 21 0 
e 23 18 0 
e 23 21 0 
t # 225# (0, 924, 20)
v 18 0
v 19 3
v 20 100
e 18 19 0 
e 19 18 0 
e 19 20 0 
e 20 19 0 
t # 226# (1, 926, 13)
v 3 0
v 4 0
v 5 0
v 7 0
v 8 0
v 9 0
v 13 103
e 3 4 0 
e 4 3 0 
e 4 5 0 
e 4 13 0 
e 5 4 0 
e 7 8 0 
e 8 7 0 
e 8 9 0 
e 8 13 0 
e 9 8 0 
e 13 4 0 
e 13 8 0 
t # 227# (0, 931, 14)
v 11 0
v 12 1
v 13 0
v 14 103
v 15 0
v 16 0
v 17 0
v 18 0
e 11 12 0 
e 11 15 0 
e 12 11 0 
e 12 13 0 
e 13 12 0 
e 13 14 0 
e 13 18 0 
e 14 13 0 
e 14 15 0 
e 15 11 0 
e 15 14 0 
e 15 16 0 
e 15 17 0 
e 16 15 0 
e 17 15 0 
e 18 13 0 
t # 228# (0, 933, 3)
v 0 0
v 1 0
v 2 0
v 3 103
v 4 0
v 5 0
v 19 1
v 20 0
e 0 1 0 
e 1 0 0 
e 1 2 0 
e 1 3 0 
e 1 20 0 
e 2 1 0 
e 3 1 0 
e 3 4 0 
e 4 3 0 
e 4 5 0 
e 4 19 0 
e 5 4 0 
e 19 4 0 
e 19 20 0 
e 20 1 0 
e 20 19 0 
t # 229# (0, 939, 11)
v 9 0
v 10 0
v 11 103
v 12 0
v 13 0
v 14 0
v 15 0
v 16 1
e 9 10 0 
e 10 9 0 
e 10 11 0 
e 10 16 0 
e 11 10 0 
e 11 12 0 
e 12 11 0 
e 12 13 0 
e 12 14 0 
e 12 15 0 
e 13 12 0 
e 14 12 0 
e 15 12 0 
e 15 16 0 
e 16 10 0 
e 16 15 0 
t # 230# (1, 946, 10)
v 4 0
v 8 0
v 9 0
v 10 103
v 11 0
v 12 0
e 4 9 0 
e 8 9 0 
e 9 4 0 
e 9 8 0 
e 9 10 0 
e 10 9 0 
e 10 11 0 
e 11 10 0 
e 11 12 0 
e 12 11 0 
t # 231# (1, 948, 0)
v 0 100
v 1 3
v 2 0
e 0 1 0 
e 1 0 0 
e 1 2 0 
e 2 1 0 
t # 232# (1, 948, 1)
v 0 0
v 1 103
v 2 0
v 3 0
v 7 0
e 0 1 0 
e 1 0 0 
e 1 2 0 
e 2 1 0 
e 2 3 0 
e 2 7 0 
e 3 2 0 
e 7 2 0 
t # 233# (1, 951, 13)
v 3 0
v 4 0
v 5 0
v 7 0
v 8 0
v 9 0
v 13 103
e 3 4 0 
e 4 3 0 
e 4 5 0 
e 4 13 0 
e 5 4 0 
e 7 8 0 
e 8 7 0 
e 8 9 0 
e 8 13 0 
e 9 8 0 
e 13 4 0 
e 13 8 0 
t # 234# (0, 957, 12)
v 10 0
v 11 0
v 12 103
v 13 0
v 14 0
e 10 11 0 
e 10 14 0 
e 11 10 0 
e 11 12 0 
e 12 11 0 
e 12 13 0 
e 13 12 0 
e 13 14 0 
e 14 10 0 
e 14 13 0 
t # 235# (0, 957, 16)
v 2 0
v 15 0
v 16 103
v 17 0
v 18 0
v 19 0
v 20 0
v 21 1
e 2 15 0 
e 15 2 0 
e 15 16 0 
e 15 21 0 
e 16 15 0 
e 16 17 0 
e 17 16 0 
e 17 18 0 
e 17 19 0 
e 17 20 0 
e 18 17 0 
e 19 17 0 
e 20 17 0 
e 20 21 0 
e 21 15 0 
e 21 20 0 
t # 236# (0, 958, 11)
v 9 0
v 10 0
v 11 103
v 12 0
v 13 0
v 14 0
v 15 0
v 16 1
e 9 10 0 
e 10 9 0 
e 10 11 0 
e 10 16 0 
e 11 10 0 
e 11 12 0 
e 12 11 0 
e 12 13 0 
e 12 14 0 
e 12 15 0 
e 13 12 0 
e 14 12 0 
e 15 12 0 
e 15 16 0 
e 16 10 0 
e 16 15 0 
t # 237# (0, 961, 5)
v 1 0
v 3 1
v 4 0
v 5 103
v 6 0
v 7 0
e 1 6 0 
e 3 4 0 
e 4 3 0 
e 4 5 0 
e 4 7 0 
e 5 4 0 
e 5 6 0 
e 6 1 0 
e 6 5 0 
e 7 4 0 
t # 238# (0, 968, 9)
v 4 0
v 5 0
v 6 0
v 7 1
v 8 0
v 9 103
v 10 0
e 4 5 0 
e 5 4 0 
e 5 6 0 
e 5 9 0 
e 6 5 0 
e 6 7 0 
e 7 6 0 
e 7 8 0 
e 8 7 0 
e 8 9 0 
e 8 10 0 
e 9 5 0 
e 9 8 0 
e 10 8 0 
t # 239# (1, 970, 9)
v 7 0
v 8 0
v 9 103
v 10 0
v 11 0
e 7 8 0 
e 7 11 0 
e 8 7 0 
e 8 9 0 
e 9 8 0 
e 9 10 0 
e 10 9 0 
e 10 11 0 
e 11 7 0 
e 11 10 0 
t # 240# (1, 974, 17)
v 7 0
v 8 0
v 9 0
v 11 0
v 12 0
v 13 0
v 17 103
e 7 8 0 
e 8 7 0 
e 8 9 0 
e 8 17 0 
e 9 8 0 
e 11 12 0 
e 12 11 0 
e 12 13 0 
e 12 17 0 
e 13 12 0 
e 17 8 0 
e 17 12 0 
t # 241# (0, 978, 10)
v 1 0
v 9 0
v 10 103
v 11 0
v 12 0
e 1 9 0 
e 9 1 0 
e 9 10 0 
e 10 9 0 
e 10 11 0 
e 11 10 0 
e 11 12 0 
e 12 11 0 
t # 242# (0, 982, 3)
v 0 0
v 1 0
v 2 0
v 3 103
v 4 0
v 33 0
v 5 0
v 32 1
e 0 1 0 
e 1 0 0 
e 1 2 0 
e 1 3 0 
e 1 33 0 
e 2 1 0 
e 3 1 0 
e 3 4 0 
e 4 3 0 
e 4 5 0 
e 4 32 0 
e 33 1 0 
e 33 32 0 
e 5 4 0 
e 32 4 0 
e 32 33 0 
t # 243# (0, 986, 11)
v 7 0
v 8 0
v 9 0
v 11 103
v 12 0
v 13 0
v 16 0
e 7 8 0 
e 8 7 0 
e 8 9 0 
e 8 11 0 
e 9 8 0 
e 11 8 0 
e 11 12 0 
e 12 11 0 
e 12 13 0 
e 12 16 0 
e 13 12 0 
e 16 12 0 
t # 244# (0, 992, 9)
v 7 0
v 8 0
v 9 103
v 10 0
v 11 0
v 13 1
e 7 8 0 
e 8 7 0 
e 8 9 0 
e 8 13 0 
e 9 8 0 
e 9 10 0 
e 10 9 0 
e 10 11 0 
e 11 10 0 
e 13 8 0 
t # 245# (0, 992, 22)
v 20 0
v 21 0
v 22 103
v 23 0
v 24 1
v 25 0
e 20 21 0 
e 21 20 0 
e 21 22 0 
e 21 25 0 
e 22 21 0 
e 22 23 0 
e 23 22 0 
e 23 24 0 
e 24 23 0 
e 24 25 0 
e 25 21 0 
e 25 24 0 
t # 246# (0, 992, 28)
v 32 1
v 3 0
v 27 0
v 28 100
v 29 3
v 30 0
e 32 27 0 
e 32 30 0 
e 3 27 0 
e 27 32 0 
e 27 3 0 
e 27 28 0 
e 28 27 0 
e 28 29 0 
e 29 28 0 
e 29 30 0 
e 30 32 0 
e 30 29 0 
t # 247# (0, 992, 29)
v 32 1
v 27 0
v 28 0
v 29 103
v 30 0
v 31 1
e 32 27 0 
e 32 30 0 
e 27 32 0 
e 27 28 0 
e 28 27 0 
e 28 29 0 
e 29 28 0 
e 29 30 0 
e 30 32 0 
e 30 29 0 
e 30 31 0 
e 31 30 0 
t # 248# (1, 994, 0)
v 0 100
v 1 3
v 2 0
e 0 1 0 
e 1 0 0 
e 1 2 0 
e 2 1 0 
t # 249# (1, 994, 1)
v 0 0
v 1 103
v 2 0
v 3 0
v 24 0
e 0 1 0 
e 1 0 0 
e 1 2 0 
e 2 1 0 
e 2 3 0 
e 2 24 0 
e 3 2 0 
e 24 2 0 
t # 250# (1, 994, 6)
v 4 0
v 5 0
v 6 103
v 7 0
v 8 0
v 12 0
v 23 0
e 4 5 0 
e 5 4 0 
e 5 6 0 
e 5 23 0 
e 6 5 0 
e 6 7 0 
e 7 6 0 
e 7 8 0 
e 7 12 0 
e 8 7 0 
e 12 7 0 
e 23 5 0 
t # 251# (1, 996, 11)
v 4 0
v 5 0
v 6 0
v 9 0
v 10 0
v 11 103
v 12 0
e 4 5 0 
e 5 4 0 
e 5 6 0 
e 5 11 0 
e 6 5 0 
e 9 10 0 
e 10 9 0 
e 10 11 0 
e 10 12 0 
e 11 5 0 
e 11 10 0 
e 12 10 0 
t # 252# (0, 1000, 3)
v 0 0
v 1 0
v 2 0
v 3 103
v 4 0
v 5 0
v 20 1
v 21 0
e 0 1 0 
e 1 0 0 
e 1 2 0 
e 1 3 0 
e 1 21 0 
e 2 1 0 
e 3 1 0 
e 3 4 0 
e 4 3 0 
e 4 5 0 
e 4 20 0 
e 5 4 0 
e 20 4 0 
e 20 21 0 
e 21 1 0 
e 21 20 0 
t # 253# (1, 1008, 12)
v 7 0
v 8 0
v 9 0
v 10 0
v 11 0
v 12 103
e 7 8 0 
e 8 7 0 
e 8 9 0 
e 8 12 0 
e 9 8 0 
e 9 10 0 
e 10 9 0 
e 10 11 0 
e 11 10 0 
e 11 12 0 
e 12 8 0 
e 12 11 0 
t # 254# (1, 1009, 7)
v 0 0
v 5 0
v 6 0
v 7 103
v 8 0
v 9 0
v 26 0
e 0 6 0 
e 5 6 0 
e 6 0 0 
e 6 5 0 
e 6 7 0 
e 7 6 0 
e 7 8 0 
e 8 7 0 
e 8 9 0 
e 8 26 0 
e 9 8 0 
e 26 8 0 
t # 255# (1, 1011, 6)
v 1 0
v 2 0
v 3 1
v 6 100
v 7 3
v 8 0
e 1 2 0 
e 2 1 0 
e 2 3 0 
e 2 6 0 
e 3 2 0 
e 6 2 0 
e 6 7 0 
e 7 6 0 
e 7 8 0 
e 8 7 0 
t # 256# (1, 1011, 7)
v 2 0
v 6 0
v 7 103
v 8 0
v 9 0
e 2 6 0 
e 6 2 0 
e 6 7 0 
e 7 6 0 
e 7 8 0 
e 8 7 0 
e 8 9 0 
e 9 8 0 
t # 257# (1, 1013, 6)
v 3 0
v 4 0
v 5 0
v 6 103
v 7 0
v 8 1
v 13 0
e 3 4 0 
e 3 7 0 
e 4 3 0 
e 4 5 0 
e 5 4 0 
e 5 6 0 
e 5 13 0 
e 6 5 0 
e 6 7 0 
e 7 3 0 
e 7 6 0 
e 7 8 0 
e 8 7 0 
e 13 5 0 
t # 258# (1, 1018, 2)
v 0 0
v 1 0
v 2 103
v 3 0
v 4 0
v 26 0
e 0 1 0 
e 1 0 0 
e 1 2 0 
e 2 1 0 
e 2 3 0 
e 3 2 0 
e 3 4 0 
e 3 26 0 
e 4 3 0 
e 26 3 0 
t # 259# (1, 1018, 7)
v 5 0
v 6 0
v 7 103
v 8 0
v 9 0
v 13 0
v 25 0
e 5 6 0 
e 6 5 0 
e 6 7 0 
e 6 25 0 
e 7 6 0 
e 7 8 0 
e 8 7 0 
e 8 9 0 
e 8 13 0 
e 9 8 0 
e 13 8 0 
e 25 6 0 
t # 260# (0, 1025, 6)
v 1 1
v 4 1
v 5 0
v 6 103
v 7 0
v 8 0
e 1 5 0 
e 4 5 0 
e 5 1 0 
e 5 4 0 
e 5 6 0 
e 6 5 0 
e 6 7 0 
e 7 6 0 
e 7 8 0 
e 8 7 0 
t # 261# (0, 1025, 12)
v 8 0
v 10 1
v 11 0
v 12 103
v 13 0
v 14 0
e 8 13 0 
e 10 11 0 
e 11 10 0 
e 11 12 0 
e 11 14 0 
e 12 11 0 
e 12 13 0 
e 13 8 0 
e 13 12 0 
e 14 11 0 
t # 262# (1, 1030, 7)
v 3 0
v 4 0
v 5 0
v 7 103
v 8 0
v 9 0
v 19 0
e 3 4 0 
e 4 3 0 
e 4 5 0 
e 4 7 0 
e 5 4 0 
e 7 4 0 
e 7 8 0 
e 8 7 0 
e 8 9 0 
e 8 19 0 
e 9 8 0 
e 19 8 0 
t # 263# (0, 1038, 4)
v 2 3
v 3 0
v 4 103
v 5 0
v 6 0
v 31 1
e 2 3 0 
e 3 2 0 
e 3 4 0 
e 3 31 0 
e 4 3 0 
e 4 5 0 
e 5 4 0 
e 5 6 0 
e 6 5 0 
e 31 3 0 
t # 264# (0, 1038, 10)
v 6 0
v 8 1
v 9 0
v 10 103
v 11 0
v 12 0
e 6 11 0 
e 8 9 0 
e 9 8 0 
e 9 10 0 
e 9 12 0 
e 10 9 0 
e 10 11 0 
e 11 6 0 
e 11 10 0 
e 12 9 0 
t # 265# (0, 1041, 3)
v 0 0
v 1 0
v 2 0
v 3 103
v 4 0
v 5 0
v 41 1
v 42 0
e 0 1 0 
e 1 0 0 
e 1 2 0 
e 1 3 0 
e 1 42 0 
e 2 1 0 
e 3 1 0 
e 3 4 0 
e 4 3 0 
e 4 5 0 
e 4 41 0 
e 5 4 0 
e 41 4 0 
e 41 42 0 
e 42 1 0 
e 42 41 0 
t # 266# (0, 1042, 29)
v 34 1
v 20 0
v 28 0
v 29 103
v 30 0
v 31 1
e 34 30 0 
e 20 28 0 
e 28 20 0 
e 28 29 0 
e 29 28 0 
e 29 30 0 
e 30 34 0 
e 30 29 0 
e 30 31 0 
e 31 30 0 
t # 267# (0, 1049, 11)
v 7 0
v 9 1
v 10 0
v 11 103
v 12 0
v 13 0
e 7 12 0 
e 9 10 0 
e 10 9 0 
e 10 11 0 
e 10 13 0 
e 11 10 0 
e 11 12 0 
e 12 7 0 
e 12 11 0 
e 13 10 0 
t # 268# (0, 1052, 9)
v 7 0
v 8 0
v 9 103
v 10 0
v 11 0
v 13 1
e 7 8 0 
e 8 7 0 
e 8 9 0 
e 8 13 0 
e 9 8 0 
e 9 10 0 
e 10 9 0 
e 10 11 0 
e 11 10 0 
e 13 8 0 
t # 269# (1, 1064, 19)
v 7 0
v 17 0
v 18 0
v 19 103
v 20 0
v 21 0
e 7 20 0 
e 17 18 0 
e 18 17 0 
e 18 19 0 
e 19 18 0 
e 19 20 0 
e 20 7 0 
e 20 19 0 
e 20 21 0 
e 21 20 0 
t # 270# (0, 1070, 17)
v 15 0
v 16 0
v 17 103
v 18 0
v 19 0
e 15 16 0 
e 16 15 0 
e 16 17 0 
e 17 16 0 
e 17 18 0 
e 18 17 0 
e 18 19 0 
e 19 18 0 
t # 271# (1, 1084, 25)
v 3 0
v 13 0
v 14 0
v 15 0
v 25 103
v 26 0
v 27 0
e 3 26 0 
e 13 14 0 
e 14 13 0 
e 14 15 0 
e 14 25 0 
e 15 14 0 
e 25 14 0 
e 25 26 0 
e 26 3 0 
e 26 25 0 
e 26 27 0 
e 27 26 0 
t # 272# (1, 1092, 23)
v 17 0
v 21 0
v 22 0
v 23 103
v 24 0
v 25 0
v 29 0
e 17 22 0 
e 21 22 0 
e 22 17 0 
e 22 21 0 
e 22 23 0 
e 23 22 0 
e 23 24 0 
e 24 23 0 
e 24 25 0 
e 24 29 0 
e 25 24 0 
e 29 24 0 
t # 273# (0, 1098, 6)
v 4 0
v 5 0
v 6 103
v 7 0
v 8 0
e 4 5 0 
e 5 4 0 
e 5 6 0 
e 6 5 0 
e 6 7 0 
e 7 6 0 
e 7 8 0 
e 8 7 0 
t # 274# (0, 1098, 7)
v 5 0
v 6 3
v 7 100
v 8 0
v 9 1
v 12 0
e 5 6 0 
e 6 5 0 
e 6 7 0 
e 7 6 0 
e 7 8 0 
e 8 7 0 
e 8 9 0 
e 8 12 0 
e 9 8 0 
e 12 8 0 
t # 275# (0, 1102, 3)
v 0 0
v 1 0
v 2 0
v 3 103
v 4 0
v 5 0
v 19 1
v 20 0
e 0 1 0 
e 1 0 0 
e 1 2 0 
e 1 3 0 
e 1 20 0 
e 2 1 0 
e 3 1 0 
e 3 4 0 
e 4 3 0 
e 4 5 0 
e 4 19 0 
e 5 4 0 
e 19 4 0 
e 19 20 0 
e 20 1 0 
e 20 19 0 
t # 276# (0, 1104, 8)
v 6 0
v 7 0
v 8 103
v 9 0
v 10 0
v 11 0
v 12 0
v 13 1
e 6 7 0 
e 7 6 0 
e 7 8 0 
e 7 13 0 
e 8 7 0 
e 8 9 0 
e 9 8 0 
e 9 10 0 
e 9 11 0 
e 9 12 0 
e 10 9 0 
e 11 9 0 
e 12 9 0 
e 12 13 0 
e 13 7 0 
e 13 12 0 
t # 277# (1, 1106, 14)
v 9 1
v 10 0
v 11 1
v 12 0
v 13 0
v 14 103
e 9 10 0 
e 10 9 0 
e 10 11 0 
e 10 14 0 
e 11 10 0 
e 11 12 0 
e 12 11 0 
e 12 13 0 
e 13 12 0 
e 13 14 0 
e 14 10 0 
e 14 13 0 
t # 278# (0, 1122, 9)
v 7 0
v 8 0
v 9 103
v 10 0
v 11 0
v 13 1
e 7 8 0 
e 8 7 0 
e 8 9 0 
e 8 13 0 
e 9 8 0 
e 9 10 0 
e 10 9 0 
e 10 11 0 
e 11 10 0 
e 13 8 0 
t # 279# (0, 1122, 25)
v 3 0
v 24 0
v 25 100
v 26 3
v 27 0
v 29 1
e 3 24 0 
e 24 3 0 
e 24 25 0 
e 24 29 0 
e 25 24 0 
e 25 26 0 
e 26 25 0 
e 26 27 0 
e 27 26 0 
e 27 29 0 
e 29 24 0 
e 29 27 0 
t # 280# (0, 1122, 26)
v 24 0
v 25 0
v 26 103
v 27 0
v 28 1
v 29 1
e 24 25 0 
e 24 29 0 
e 25 24 0 
e 25 26 0 
e 26 25 0 
e 26 27 0 
e 27 26 0 
e 27 28 0 
e 27 29 0 
e 28 27 0 
e 29 24 0 
e 29 27 0 
t # 281# (0, 1123, 2)
v 0 1
v 1 0
v 2 100
v 3 3
v 4 0
v 9 0
e 0 1 0 
e 0 4 0 
e 1 0 0 
e 1 2 0 
e 1 9 0 
e 2 1 0 
e 2 3 0 
e 3 2 0 
e 3 4 0 
e 4 0 0 
e 4 3 0 
e 9 1 0 
t # 282# (0, 1123, 3)
v 0 1
v 1 0
v 2 0
v 3 103
v 4 0
v 5 1
e 0 1 0 
e 0 4 0 
e 1 0 0 
e 1 2 0 
e 2 1 0 
e 2 3 0 
e 3 2 0 
e 3 4 0 
e 4 0 0 
e 4 3 0 
e 4 5 0 
e 5 4 0 
t # 283# (0, 1124, 18)
v 16 0
v 17 0
v 18 103
v 19 0
v 20 0
v 21 0
v 22 0
v 23 1
e 16 17 0 
e 17 16 0 
e 17 18 0 
e 17 23 0 
e 18 17 0 
e 18 19 0 
e 19 18 0 
e 19 20 0 
e 19 21 0 
e 19 22 0 
e 20 19 0 
e 21 19 0 
e 22 19 0 
e 22 23 0 
e 23 17 0 
e 23 22 0 
t # 284# (0, 1125, 12)
v 10 1
v 11 0
v 12 100
v 13 3
v 14 0
v 20 0
e 10 11 0 
e 11 10 0 
e 11 12 0 
e 11 20 0 
e 12 11 0 
e 12 13 0 
e 13 12 0 
e 13 14 0 
e 14 13 0 
e 20 11 0 
t # 285# (0, 1125, 13)
v 11 0
v 12 0
v 13 103
v 14 0
v 15 0
v 19 0
e 11 12 0 
e 12 11 0 
e 12 13 0 
e 13 12 0 
e 13 14 0 
e 14 13 0 
e 14 15 0 
e 14 19 0 
e 15 14 0 
e 19 14 0 
t # 286# (0, 1132, 14)
v 12 0
v 13 0
v 14 103
v 15 0
v 16 0
v 18 1
e 12 13 0 
e 13 12 0 
e 13 14 0 
e 13 18 0 
e 14 13 0 
e 14 15 0 
e 15 14 0 
e 15 16 0 
e 16 15 0 
e 18 13 0 
t # 287# (0, 1132, 25)
v 16 0
v 24 0
v 25 103
v 26 0
v 27 1
v 30 1
e 16 24 0 
e 24 16 0 
e 24 25 0 
e 25 24 0 
e 25 26 0 
e 26 25 0 
e 26 27 0 
e 26 30 0 
e 27 26 0 
e 30 26 0 
t # 288# (0, 1134, 8)
v 3 0
v 7 0
v 8 100
v 9 3
v 10 0
v 11 1
e 3 7 0 
e 7 3 0 
e 7 8 0 
e 7 11 0 
e 8 7 0 
e 8 9 0 
e 9 8 0 
e 9 10 0 
e 10 9 0 
e 10 11 0 
e 11 7 0 
e 11 10 0 
t # 289# (0, 1134, 9)
v 7 0
v 8 0
v 9 103
v 10 0
v 11 1
v 12 1
e 7 8 0 
e 7 11 0 
e 8 7 0 
e 8 9 0 
e 9 8 0 
e 9 10 0 
e 10 9 0 
e 10 11 0 
e 10 12 0 
e 11 7 0 
e 11 10 0 
e 12 10 0 
t # 290# (0, 1140, 3)
v 0 0
v 1 0
v 2 0
v 3 103
v 4 0
v 5 0
v 18 1
v 19 0
e 0 1 0 
e 1 0 0 
e 1 2 0 
e 1 3 0 
e 1 19 0 
e 2 1 0 
e 3 1 0 
e 3 4 0 
e 4 3 0 
e 4 5 0 
e 4 18 0 
e 5 4 0 
e 18 4 0 
e 18 19 0 
e 19 1 0 
e 19 18 0 
t # 291# (0, 1146, 3)
v 0 0
v 1 0
v 2 0
v 3 103
v 4 0
v 32 0
v 5 0
v 31 1
e 0 1 0 
e 1 0 0 
e 1 2 0 
e 1 3 0 
e 1 32 0 
e 2 1 0 
e 3 1 0 
e 3 4 0 
e 4 3 0 
e 4 5 0 
e 4 31 0 
e 32 1 0 
e 32 31 0 
e 5 4 0 
e 31 4 0 
e 31 32 0 
t # 292# (0, 1150, 3)
v 0 0
v 1 0
v 2 0
v 3 103
v 4 0
v 5 0
v 19 1
v 20 0
e 0 1 0 
e 1 0 0 
e 1 2 0 
e 1 3 0 
e 1 20 0 
e 2 1 0 
e 3 1 0 
e 3 4 0 
e 4 3 0 
e 4 5 0 
e 4 19 0 
e 5 4 0 
e 19 4 0 
e 19 20 0 
e 20 1 0 
e 20 19 0 
t # 293# (1, 1152, 18)
v 11 0
v 16 0
v 17 0
v 18 103
v 19 0
v 20 0
v 24 0
e 11 17 0 
e 16 17 0 
e 17 11 0 
e 17 16 0 
e 17 18 0 
e 18 17 0 
e 18 19 0 
e 19 18 0 
e 19 20 0 
e 19 24 0 
e 20 19 0 
e 24 19 0 
t # 294# (0, 1153, 5)
v 1 0
v 3 1
v 4 0
v 5 103
v 6 0
v 7 0
e 1 6 0 
e 3 4 0 
e 4 3 0 
e 4 5 0 
e 4 7 0 
e 5 4 0 
e 5 6 0 
e 6 1 0 
e 6 5 0 
e 7 4 0 
t # 295# (0, 1157, 18)
v 16 0
v 17 0
v 18 103
v 19 0
v 20 0
v 21 0
v 22 0
v 23 1
e 16 17 0 
e 17 16 0 
e 17 18 0 
e 17 23 0 
e 18 17 0 
e 18 19 0 
e 19 18 0 
e 19 20 0 
e 19 21 0 
e 19 22 0 
e 20 19 0 
e 21 19 0 
e 22 19 0 
e 22 23 0 
e 23 17 0 
e 23 22 0 
t # 296# (1, 1163, 9)
v 3 0
v 4 0
v 5 0
v 7 0
v 8 0
v 9 103
v 10 0
e 3 4 0 
e 4 3 0 
e 4 5 0 
e 4 9 0 
e 5 4 0 
e 7 8 0 
e 8 7 0 
e 8 9 0 
e 8 10 0 
e 9 4 0 
e 9 8 0 
e 10 8 0 
t # 297# (1, 1171, 14)
v 4 0
v 5 0
v 6 0
v 8 0
v 9 0
v 10 0
v 14 103
e 4 5 0 
e 5 4 0 
e 5 6 0 
e 5 14 0 
e 6 5 0 
e 8 9 0 
e 9 8 0 
e 9 10 0 
e 9 14 0 
e 10 9 0 
e 14 5 0 
e 14 9 0 
t # 298# (1, 1186, 22)
v 3 0
v 4 0
v 5 0
v 20 0
v 21 0
v 22 103
v 23 0
e 3 4 0 
e 4 3 0 
e 4 5 0 
e 4 22 0 
e 5 4 0 
e 20 21 0 
e 21 20 0 
e 21 22 0 
e 21 23 0 
e 22 4 0 
e 22 21 0 
e 23 21 0 
t # 299# (0, 1187, 6)
v 2 0
v 3 0
v 4 0
v 6 103
v 7 0
e 2 3 0 
e 3 2 0 
e 3 4 0 
e 3 6 0 
e 4 3 0 
e 6 3 0 
e 6 7 0 
e 7 6 0 
t # 300# (0, 1187, 7)
v 3 0
v 6 3
v 7 100
e 3 6 0 
e 6 3 0 
e 6 7 0 
e 7 6 0 
t # 301# (1, 1189, 15)
v 4 0
v 5 0
v 6 0
v 9 0
v 10 0
v 11 0
v 15 103
e 4 5 0 
e 5 4 0 
e 5 6 0 
e 5 15 0 
e 6 5 0 
e 9 10 0 
e 10 9 0 
e 10 11 0 
e 10 15 0 
e 11 10 0 
e 15 5 0 
e 15 10 0 
t # 302# (1, 1191, 10)
v 8 0
v 9 0
v 10 103
v 11 0
v 12 0
e 8 9 0 
e 9 8 0 
e 9 10 0 
e 10 9 0 
e 10 11 0 
e 11 10 0 
e 11 12 0 
e 12 11 0 
t # 303# (1, 1191, 11)
v 9 0
v 10 3
v 11 100
v 12 0
v 13 0
v 17 1
e 9 10 0 
e 10 9 0 
e 10 11 0 
e 11 10 0 
e 11 12 0 
e 12 11 0 
e 12 13 0 
e 12 17 0 
e 13 12 0 
e 17 12 0 
t # 304# (1, 1199, 17)
v 7 0
v 8 0
v 9 0
v 11 0
v 12 0
v 13 0
v 17 103
e 7 8 0 
e 8 7 0 
e 8 9 0 
e 8 17 0 
e 9 8 0 
e 11 12 0 
e 12 11 0 
e 12 13 0 
e 12 17 0 
e 13 12 0 
e 17 8 0 
e 17 12 0 
t # 305# (1, 1212, 8)
v 6 0
v 7 0
v 8 103
v 9 0
v 10 0
v 14 0
v 22 0
e 6 7 0 
e 7 6 0 
e 7 8 0 
e 7 22 0 
e 8 7 0 
e 8 9 0 
e 9 8 0 
e 9 10 0 
e 9 14 0 
e 10 9 0 
e 14 9 0 
e 22 7 0 
t # 306# (0, 1216, 9)
v 7 0
v 8 0
v 9 103
v 10 0
v 11 0
v 13 1
e 7 8 0 
e 8 7 0 
e 8 9 0 
e 8 13 0 
e 9 8 0 
e 9 10 0 
e 10 9 0 
e 10 11 0 
e 11 10 0 
e 13 8 0 
t # 307# (0, 1216, 20)
v 11 0
v 19 0
v 20 103
v 21 0
v 22 1
v 28 1
e 11 19 0 
e 19 11 0 
e 19 20 0 
e 20 19 0 
e 20 21 0 
e 21 20 0 
e 21 22 0 
e 21 28 0 
e 22 21 0 
e 28 21 0 
t # 308# (0, 1216, 31)
v 32 3
v 33 0
v 3 0
v 35 1
v 30 0
v 31 100
e 32 31 0 
e 32 33 0 
e 33 32 0 
e 33 35 0 
e 3 30 0 
e 35 33 0 
e 35 30 0 
e 30 3 0 
e 30 35 0 
e 30 31 0 
e 31 32 0 
e 31 30 0 
t # 309# (0, 1216, 32)
v 32 103
v 33 0
v 34 1
v 35 1
v 30 0
v 31 0
e 32 31 0 
e 32 33 0 
e 33 32 0 
e 33 34 0 
e 33 35 0 
e 34 33 0 
e 35 33 0 
e 35 30 0 
e 30 35 0 
e 30 31 0 
e 31 32 0 
e 31 30 0 
t # 310# (1, 1226, 5)
v 3 1
v 4 0
v 5 103
v 6 0
v 7 0
v 19 1
e 3 4 0 
e 4 3 0 
e 4 5 0 
e 4 19 0 
e 5 4 0 
e 5 6 0 
e 6 5 0 
e 6 7 0 
e 7 6 0 
e 7 19 0 
e 19 4 0 
e 19 7 0 
t # 311# (1, 1226, 6)
v 4 0
v 5 3
v 6 100
v 7 0
v 8 0
v 19 1
e 4 5 0 
e 4 19 0 
e 5 4 0 
e 5 6 0 
e 6 5 0 
e 6 7 0 
e 7 6 0 
e 7 8 0 
e 7 19 0 
e 8 7 0 
e 19 4 0 
e 19 7 0 
t # 312# (1, 1226, 8)
v 6 0
v 7 0
v 8 100
v 9 3
v 10 0
v 19 1
e 6 7 0 
e 7 6 0 
e 7 8 0 
e 7 19 0 
e 8 7 0 
e 8 9 0 
e 9 8 0 
e 9 10 0 
e 10 9 0 
e 19 7 0 
t # 313# (1, 1226, 9)
v 7 0
v 8 0
v 9 103
v 10 0
v 11 0
e 7 8 0 
e 8 7 0 
e 8 9 0 
e 9 8 0 
e 9 10 0 
e 10 9 0 
e 10 11 0 
e 11 10 0 
t # 314# (1, 1228, 14)
v 3 0
v 4 0
v 5 0
v 8 0
v 12 0
v 13 0
v 14 103
e 3 4 0 
e 4 3 0 
e 4 5 0 
e 4 14 0 
e 5 4 0 
e 8 13 0 
e 12 13 0 
e 13 8 0 
e 13 12 0 
e 13 14 0 
e 14 4 0 
e 14 13 0 
t # 315# (1, 1232, 13)
v 11 0
v 12 0
v 13 103
v 14 0
e 11 12 0 
e 12 11 0 
e 12 13 0 
e 13 12 0 
e 13 14 0 
e 14 13 0 
t # 316# (1, 1232, 14)
v 12 0
v 13 3
v 14 100
e 12 13 0 
e 13 12 0 
e 13 14 0 
e 14 13 0 
t # 317# (1, 1233, 4)
v 1 0
v 2 1
v 3 0
v 4 103
v 5 0
v 6 1
e 1 2 0 
e 1 5 0 
e 2 1 0 
e 2 3 0 
e 3 2 0 
e 3 4 0 
e 3 6 0 
e 4 3 0 
e 4 5 0 
e 5 1 0 
e 5 4 0 
e 6 3 0 
t # 318# (1, 1233, 5)
v 0 0
v 1 0
v 2 1
v 3 0
v 4 3
v 5 100
e 0 1 0 
e 1 0 0 
e 1 2 0 
e 1 5 0 
e 2 1 0 
e 2 3 0 
e 3 2 0 
e 3 4 0 
e 4 3 0 
e 4 5 0 
e 5 1 0 
e 5 4 0 
t # 319# (0, 1253, 5)
v 1 0
v 3 1
v 4 0
v 5 103
v 6 0
v 7 0
e 1 6 0 
e 3 4 0 
e 4 3 0 
e 4 5 0 
e 4 7 0 
e 5 4 0 
e 5 6 0 
e 6 1 0 
e 6 5 0 
e 7 4 0 
t # 320# (1, 1259, 8)
v 3 0
v 4 0
v 5 0
v 6 0
v 7 0
v 8 103
e 3 4 0 
e 4 3 0 
e 4 5 0 
e 4 8 0 
e 5 4 0 
e 5 6 0 
e 6 5 0 
e 6 7 0 
e 7 6 0 
e 7 8 0 
e 8 4 0 
e 8 7 0 
t # 321# (1, 1269, 14)
v 4 0
v 5 0
v 6 0
v 8 0
v 9 0
v 10 0
v 14 103
e 4 5 0 
e 5 4 0 
e 5 6 0 
e 5 14 0 
e 6 5 0 
e 8 9 0 
e 9 8 0 
e 9 10 0 
e 9 14 0 
e 10 9 0 
e 14 5 0 
e 14 9 0 
t # 322# (1, 1273, 0)
v 0 100
v 1 3
v 2 0
e 0 1 0 
e 1 0 0 
e 1 2 0 
e 2 1 0 
t # 323# (0, 1277, 7)
v 4 0
v 6 0
v 7 103
v 8 0
v 9 0
e 4 6 0 
e 6 4 0 
e 6 7 0 
e 7 6 0 
e 7 8 0 
e 8 7 0 
e 8 9 0 
e 9 8 0 
t # 324# (0, 1277, 12)
v 2 0
v 11 0
v 12 103
v 13 0
v 14 0
v 16 1
e 2 11 0 
e 11 2 0 
e 11 12 0 
e 11 16 0 
e 12 11 0 
e 12 13 0 
e 13 12 0 
e 13 14 0 
e 14 13 0 
e 16 11 0 
t # 325# (0, 1277, 23)
v 14 0
v 22 0
v 23 103
v 24 0
v 25 1
v 28 1
e 14 22 0 
e 22 14 0 
e 22 23 0 
e 23 22 0 
e 23 24 0 
e 24 23 0 
e 24 25 0 
e 24 28 0 
e 25 24 0 
e 28 24 0 
t # 326# (1, 1280, 9)
v 3 0
v 4 0
v 5 0
v 7 0
v 8 0
v 9 103
v 10 0
e 3 4 0 
e 4 3 0 
e 4 5 0 
e 4 9 0 
e 5 4 0 
e 7 8 0 
e 8 7 0 
e 8 9 0 
e 8 10 0 
e 9 4 0 
e 9 8 0 
e 10 8 0 
t # 327# (0, 1299, 2)
v 0 1
v 1 0
v 2 100
v 3 3
v 4 0
v 9 0
e 0 1 0 
e 0 4 0 
e 1 0 0 
e 1 2 0 
e 1 9 0 
e 2 1 0 
e 2 3 0 
e 3 2 0 
e 3 4 0 
e 4 0 0 
e 4 3 0 
e 9 1 0 
t # 328# (0, 1299, 3)
v 0 1
v 1 0
v 2 0
v 3 103
v 4 0
v 5 1
e 0 1 0 
e 0 4 0 
e 1 0 0 
e 1 2 0 
e 2 1 0 
e 2 3 0 
e 3 2 0 
e 3 4 0 
e 4 0 0 
e 4 3 0 
e 4 5 0 
e 5 4 0 
t # 329# (0, 1312, 15)
v 13 0
v 14 0
v 15 103
v 16 0
v 17 0
v 19 1
e 13 14 0 
e 14 13 0 
e 14 15 0 
e 14 19 0 
e 15 14 0 
e 15 16 0 
e 16 15 0 
e 16 17 0 
e 17 16 0 
e 19 14 0 
t # 330# (0, 1312, 26)
v 17 0
v 25 0
v 26 103
v 27 0
v 28 1
v 31 1
e 17 25 0 
e 25 17 0 
e 25 26 0 
e 26 25 0 
e 26 27 0 
e 27 26 0 
e 27 28 0 
e 27 31 0 
e 28 27 0 
e 31 27 0 
t # 331# (0, 1318, 8)
v 6 0
v 7 0
v 8 100
v 9 3
v 10 0
v 15 1
e 6 7 0 
e 7 6 0 
e 7 8 0 
e 7 15 0 
e 8 7 0 
e 8 9 0 
e 9 8 0 
e 9 10 0 
e 10 9 0 
e 10 15 0 
e 15 7 0 
e 15 10 0 
t # 332# (0, 1318, 9)
v 7 0
v 8 0
v 9 103
v 10 0
v 11 1
v 15 1
e 7 8 0 
e 7 15 0 
e 8 7 0 
e 8 9 0 
e 9 8 0 
e 9 10 0 
e 10 9 0 
e 10 11 0 
e 10 15 0 
e 11 10 0 
e 15 7 0 
e 15 10 0 
t # 333# (1, 1322, 4)
v 2 1
v 3 0
v 4 100
v 5 0
v 6 3
v 8 0
v 9 3
v 10 0
v 12 2
e 2 3 0 
e 2 10 0 
e 3 2 0 
e 3 4 0 
e 3 12 0 
e 4 3 0 
e 4 5 0 
e 4 9 0 
e 5 4 0 
e 5 6 0 
e 5 10 0 
e 6 5 0 
e 8 9 0 
e 9 4 0 
e 9 8 0 
e 10 2 0 
e 10 5 0 
e 12 3 0 
t # 334# (1, 1322, 5)
v 2 1
v 3 0
v 4 0
v 5 100
v 6 3
v 7 0
v 9 3
v 10 0
v 11 2
e 2 3 0 
e 2 10 0 
e 3 2 0 
e 3 4 0 
e 4 3 0 
e 4 5 0 
e 4 9 0 
e 5 4 0 
e 5 6 0 
e 5 10 0 
e 6 5 0 
e 6 7 0 
e 7 6 0 
e 9 4 0 
e 10 2 0 
e 10 5 0 
e 10 11 0 
e 11 10 0 
t # 335# (1, 1322, 6)
v 4 0
v 5 0
v 6 103
v 7 0
v 8 0
v 10 0
e 4 5 0 
e 5 4 0 
e 5 6 0 
e 5 10 0 
e 6 5 0 
e 6 7 0 
e 7 6 0 
e 7 8 0 
e 8 7 0 
e 10 5 0 
t # 336# (1, 1322, 7)
v 5 0
v 6 3
v 7 100
v 8 0
v 9 3
e 5 6 0 
e 6 5 0 
e 6 7 0 
e 7 6 0 
e 7 8 0 
e 8 7 0 
e 8 9 0 
e 9 8 0 
t # 337# (1, 1322, 8)
v 4 0
v 6 3
v 7 0
v 8 100
v 9 3
e 4 9 0 
e 6 7 0 
e 7 6 0 
e 7 8 0 
e 8 7 0 
e 8 9 0 
e 9 4 0 
e 9 8 0 
t # 338# (1, 1322, 9)
v 3 0
v 4 0
v 5 0
v 7 0
v 8 0
v 9 103
e 3 4 0 
e 4 3 0 
e 4 5 0 
e 4 9 0 
e 5 4 0 
e 7 8 0 
e 8 7 0 
e 8 9 0 
e 9 4 0 
e 9 8 0 
t # 339# (0, 1324, 6)
v 4 0
v 5 0
v 6 103
v 7 0
v 8 0
v 9 1
v 15 0
e 4 5 0 
e 5 4 0 
e 5 6 0 
e 5 9 0 
e 6 5 0 
e 6 7 0 
e 7 6 0 
e 7 8 0 
e 7 15 0 
e 8 7 0 
e 8 9 0 
e 9 5 0 
e 9 8 0 
e 15 7 0 
t # 340# (0, 1337, 5)
v 1 0
v 3 1
v 4 0
v 5 103
v 6 0
v 7 0
e 1 6 0 
e 3 4 0 
e 4 3 0 
e 4 5 0 
e 4 7 0 
e 5 4 0 
e 5 6 0 
e 6 1 0 
e 6 5 0 
e 7 4 0 
t # 341# (0, 1338, 3)
v 0 0
v 1 0
v 2 0
v 3 103
v 4 0
v 33 0
v 5 0
v 32 1
e 0 1 0 
e 1 0 0 
e 1 2 0 
e 1 3 0 
e 1 33 0 
e 2 1 0 
e 3 1 0 
e 3 4 0 
e 4 3 0 
e 4 5 0 
e 4 32 0 
e 33 1 0 
e 33 32 0 
e 5 4 0 
e 32 4 0 
e 32 33 0 
t # 342# (0, 1349, 9)
v 7 0
v 8 0
v 9 103
v 10 0
v 11 0
v 13 1
e 7 8 0 
e 8 7 0 
e 8 9 0 
e 8 13 0 
e 9 8 0 
e 9 10 0 
e 10 9 0 
e 10 11 0 
e 11 10 0 
e 13 8 0 
t # 343# (0, 1349, 29)
v 33 1
v 3 0
v 28 0
v 29 100
v 30 3
v 31 0
e 33 28 0 
e 33 31 0 
e 3 28 0 
e 28 33 0 
e 28 3 0 
e 28 29 0 
e 29 28 0 
e 29 30 0 
e 30 29 0 
e 30 31 0 
e 31 33 0 
e 31 30 0 
t # 344# (0, 1349, 30)
v 32 1
v 33 1
v 28 0
v 29 0
v 30 103
v 31 0
e 32 31 0 
e 33 28 0 
e 33 31 0 
e 28 33 0 
e 28 29 0 
e 29 28 0 
e 29 30 0 
e 30 29 0 
e 30 31 0 
e 31 32 0 
e 31 33 0 
e 31 30 0 
t # 345# (0, 1350, 11)
v 9 0
v 10 0
v 11 100
v 12 3
v 13 0
v 14 1
e 9 10 0 
e 10 9 0 
e 10 11 0 
e 10 14 0 
e 11 10 0 
e 11 12 0 
e 12 11 0 
e 12 13 0 
e 13 12 0 
e 13 14 0 
e 14 10 0 
e 14 13 0 
t # 346# (0, 1350, 12)
v 10 0
v 11 0
v 12 103
v 13 0
v 14 1
v 15 0
e 10 11 0 
e 10 14 0 
e 11 10 0 
e 11 12 0 
e 12 11 0 
e 12 13 0 
e 13 12 0 
e 13 14 0 
e 13 15 0 
e 14 10 0 
e 14 13 0 
e 15 13 0 
t # 347# (0, 1350, 39)
v 37 0
v 38 0
v 39 103
v 40 0
v 41 1
v 42 0
e 37 38 0 
e 38 37 0 
e 38 39 0 
e 38 42 0 
e 39 38 0 
e 39 40 0 
e 40 39 0 
e 40 41 0 
e 41 40 0 
e 41 42 0 
e 42 38 0 
e 42 41 0 
t # 348# (0, 1362, 20)
v 18 0
v 19 3
v 20 100
e 18 19 0 
e 19 18 0 
e 19 20 0 
e 20 19 0 
t # 349# (1, 1367, 4)
v 0 0
v 1 0
v 2 0
v 4 103
v 5 0
v 6 0
v 11 1
e 0 1 0 
e 0 6 0 
e 1 0 0 
e 1 2 0 
e 1 4 0 
e 2 1 0 
e 4 1 0 
e 4 5 0 
e 5 4 0 
e 5 6 0 
e 5 11 0 
e 6 0 0 
e 6 5 0 
e 11 5 0 
t # 350# (0, 1371, 6)
v 1 1
v 4 1
v 5 0
v 6 103
v 7 0
v 8 0
e 1 5 0 
e 4 5 0 
e 5 1 0 
e 5 4 0 
e 5 6 0 
e 6 5 0 
e 6 7 0 
e 7 6 0 
e 7 8 0 
e 8 7 0 
t # 351# (0, 1371, 12)
v 8 0
v 10 1
v 11 0
v 12 103
v 13 0
v 14 0
e 8 13 0 
e 10 11 0 
e 11 10 0 
e 11 12 0 
e 11 14 0 
e 12 11 0 
e 12 13 0 
e 13 8 0 
e 13 12 0 
e 14 11 0 
t # 352# (0, 1372, 10)
v 8 0
v 9 0
v 10 103
v 11 0
v 12 0
v 14 1
e 8 9 0 
e 9 8 0 
e 9 10 0 
e 9 14 0 
e 10 9 0 
e 10 11 0 
e 11 10 0 
e 11 12 0 
e 12 11 0 
e 14 9 0 
t # 353# (0, 1372, 26)
v 4 0
v 25 0
v 26 100
v 27 3
v 28 0
v 30 1
e 4 25 0 
e 25 4 0 
e 25 26 0 
e 25 30 0 
e 26 25 0 
e 26 27 0 
e 27 26 0 
e 27 28 0 
e 28 27 0 
e 28 30 0 
e 30 25 0 
e 30 28 0 
t # 354# (0, 1372, 27)
v 25 0
v 26 0
v 27 103
v 28 0
v 29 1
v 30 1
e 25 26 0 
e 25 30 0 
e 26 25 0 
e 26 27 0 
e 27 26 0 
e 27 28 0 
e 28 27 0 
e 28 29 0 
e 28 30 0 
e 29 28 0 
e 30 25 0 
e 30 28 0 
t # 355# (0, 1377, 19)
v 3 0
v 18 0
v 19 100
v 20 3
v 21 0
v 23 1
e 3 18 0 
e 18 3 0 
e 18 19 0 
e 18 23 0 
e 19 18 0 
e 19 20 0 
e 20 19 0 
e 20 21 0 
e 21 20 0 
e 21 23 0 
e 23 18 0 
e 23 21 0 
t # 356# (0, 1377, 20)
v 18 0
v 19 0
v 20 103
v 21 0
v 22 1
v 23 1
e 18 19 0 
e 18 23 0 
e 19 18 0 
e 19 20 0 
e 20 19 0 
e 20 21 0 
e 21 20 0 
e 21 22 0 
e 21 23 0 
e 22 21 0 
e 23 18 0 
e 23 21 0 
t # 357# (1, 1384, 4)
v 2 0
v 3 0
v 4 103
v 5 0
v 6 0
v 10 0
v 11 0
e 2 3 0 
e 3 2 0 
e 3 4 0 
e 3 11 0 
e 4 3 0 
e 4 5 0 
e 5 4 0 
e 5 6 0 
e 5 10 0 
e 6 5 0 
e 10 5 0 
e 11 3 0 
t # 358# (1, 1387, 11)
v 8 1
v 9 0
v 10 0
v 11 103
v 12 0
v 13 1
e 8 9 0 
e 8 12 0 
e 9 8 0 
e 9 10 0 
e 10 9 0 
e 10 11 0 
e 11 10 0 
e 11 12 0 
e 12 8 0 
e 12 11 0 
e 12 13 0 
e 13 12 0 
t # 359# (1, 1408, 13)
v 1 0
v 12 0
v 13 103
v 14 0
e 1 12 0 
e 12 1 0 
e 12 13 0 
e 13 12 0 
e 13 14 0 
e 14 13 0 
t # 360# (1, 1408, 14)
v 12 0
v 13 3
v 14 100
e 12 13 0 
e 13 12 0 
e 13 14 0 
e 14 13 0 
t # 361# (0, 1414, 9)
v 7 0
v 8 0
v 9 103
v 10 0
v 11 0
v 13 1
e 7 8 0 
e 8 7 0 
e 8 9 0 
e 8 13 0 
e 9 8 0 
e 9 10 0 
e 10 9 0 
e 10 11 0 
e 11 10 0 
e 13 8 0 
t # 362# (0, 1414, 20)
v 3 0
v 19 0
v 20 100
v 21 3
v 22 0
v 24 1
e 3 19 0 
e 19 3 0 
e 19 20 0 
e 19 24 0 
e 20 19 0 
e 20 21 0 
e 21 20 0 
e 21 22 0 
e 22 21 0 
e 22 24 0 
e 24 19 0 
e 24 22 0 
t # 363# (0, 1414, 21)
v 19 0
v 20 0
v 21 103
v 22 0
v 23 1
v 24 1
e 19 20 0 
e 19 24 0 
e 20 19 0 
e 20 21 0 
e 21 20 0 
e 21 22 0 
e 22 21 0 
e 22 23 0 
e 22 24 0 
e 23 22 0 
e 24 19 0 
e 24 22 0 
t # 364# (1, 1422, 18)
v 11 1
v 12 0
v 13 1
v 16 0
v 17 0
v 18 103
e 11 12 0 
e 12 11 0 
e 12 13 0 
e 12 18 0 
e 13 12 0 
e 13 16 0 
e 16 13 0 
e 16 17 0 
e 17 16 0 
e 17 18 0 
e 18 12 0 
e 18 17 0 
t # 365# (0, 1424, 4)
v 1 0
v 2 0
v 3 0
v 4 103
v 5 0
v 6 0
v 46 1
v 47 0
e 1 2 0 
e 2 1 0 
e 2 3 0 
e 2 4 0 
e 2 47 0 
e 3 2 0 
e 4 2 0 
e 4 5 0 
e 5 4 0 
e 5 6 0 
e 5 46 0 
e 6 5 0 
e 46 5 0 
e 46 47 0 
e 47 2 0 
e 47 46 0 
t # 366# (1, 1425, 1)
v 0 0
v 1 103
v 2 0
v 3 1
v 6 0
v 14 0
e 0 1 0 
e 0 14 0 
e 1 0 0 
e 1 2 0 
e 2 1 0 
e 2 3 0 
e 2 6 0 
e 3 2 0 
e 6 2 0 
e 14 0 0 
t # 367# (1, 1439, 17)
v 7 0
v 8 0
v 9 0
v 11 0
v 12 0
v 13 0
v 17 103
e 7 8 0 
e 8 7 0 
e 8 9 0 
e 8 17 0 
e 9 8 0 
e 11 12 0 
e 12 11 0 
e 12 13 0 
e 12 17 0 
e 13 12 0 
e 17 8 0 
e 17 12 0 
t # 368# (1, 1451, 5)
v 3 0
v 4 0
v 5 103
v 6 0
v 7 0
v 11 0
v 12 0
e 3 4 0 
e 4 3 0 
e 4 5 0 
e 4 12 0 
e 5 4 0 
e 5 6 0 
e 6 5 0 
e 6 7 0 
e 6 11 0 
e 7 6 0 
e 11 6 0 
e 12 4 0 
t # 369# (0, 1463, 6)
v 2 0
v 4 1
v 5 0
v 6 103
v 7 0
v 8 0
e 2 7 0 
e 4 5 0 
e 5 4 0 
e 5 6 0 
e 5 8 0 
e 6 5 0 
e 6 7 0 
e 7 2 0 
e 7 6 0 
e 8 5 0 
t # 370# (0, 1465, 11)
v 6 0
v 7 0
v 8 0
v 9 0
v 10 0
v 11 103
e 6 7 0 
e 7 6 0 
e 7 8 0 
e 7 11 0 
e 8 7 0 
e 8 9 0 
e 9 8 0 
e 9 10 0 
e 10 9 0 
e 10 11 0 
e 11 7 0 
e 11 10 0 
t # 371# (1, 1466, 0)
v 0 100
v 1 3
v 2 0
e 0 1 0 
e 1 0 0 
e 1 2 0 
e 2 1 0 
t # 372# (1, 1466, 1)
v 0 0
v 1 103
v 2 0
v 3 0
v 23 0
e 0 1 0 
e 1 0 0 
e 1 2 0 
e 2 1 0 
e 2 3 0 
e 2 23 0 
e 3 2 0 
e 23 2 0 
t # 373# (1, 1466, 6)
v 4 0
v 5 0
v 6 103
v 7 0
v 8 0
v 12 0
v 22 0
e 4 5 0 
e 5 4 0 
e 5 6 0 
e 5 22 0 
e 6 5 0 
e 6 7 0 
e 7 6 0 
e 7 8 0 
e 7 12 0 
e 8 7 0 
e 12 7 0 
e 22 5 0 
t # 374# (1, 1472, 6)
v 2 0
v 3 0
v 4 0
v 6 103
v 7 0
v 8 0
v 19 0
e 2 3 0 
e 3 2 0 
e 3 4 0 
e 3 6 0 
e 4 3 0 
e 6 3 0 
e 6 7 0 
e 7 6 0 
e 7 8 0 
e 7 19 0 
e 8 7 0 
e 19 7 0 
t # 375# (1, 1483, 2)
v 0 1
v 1 0
v 2 103
v 3 0
v 4 0
v 5 0
e 0 1 0 
e 0 4 0 
e 1 0 0 
e 1 2 0 
e 1 5 0 
e 2 1 0 
e 2 3 0 
e 3 2 0 
e 3 4 0 
e 4 0 0 
e 4 3 0 
e 5 1 0 
t # 376# (1, 1487, 2)
v 0 0
v 1 0
v 2 103
v 3 0
v 4 0
v 12 1
v 21 0
e 0 1 0 
e 0 4 0 
e 1 0 0 
e 1 2 0 
e 1 21 0 
e 2 1 0 
e 2 3 0 
e 3 2 0 
e 3 4 0 
e 3 12 0 
e 4 0 0 
e 4 3 0 
e 12 3 0 
e 21 1 0 
t # 377# (0, 1492, 18)
v 10 0
v 17 0
v 18 100
v 19 3
v 20 0
v 22 1
e 10 17 0 
e 17 10 0 
e 17 18 0 
e 17 22 0 
e 18 17 0 
e 18 19 0 
e 19 18 0 
e 19 20 0 
e 20 19 0 
e 20 22 0 
e 22 17 0 
e 22 20 0 
t # 378# (0, 1492, 19)
v 17 0
v 18 0
v 19 103
v 20 0
v 21 1
v 22 1
e 17 18 0 
e 17 22 0 
e 18 17 0 
e 18 19 0 
e 19 18 0 
e 19 20 0 
e 20 19 0 
e 20 21 0 
e 20 22 0 
e 21 20 0 
e 22 17 0 
e 22 20 0 
t # 379# (1, 1495, 2)
v 0 1
v 1 0
v 2 103
v 3 0
v 4 0
v 11 0
e 0 1 0 
e 0 4 0 
e 1 0 0 
e 1 2 0 
e 1 11 0 
e 2 1 0 
e 2 3 0 
e 3 2 0 
e 3 4 0 
e 4 0 0 
e 4 3 0 
e 11 1 0 
t # 380# (1, 1495, 3)
v 0 1
v 1 0
v 2 3
v 3 100
v 4 0
v 5 0
e 0 1 0 
e 0 4 0 
e 1 0 0 
e 1 2 0 
e 2 1 0 
e 2 3 0 
e 3 2 0 
e 3 4 0 
e 4 0 0 
e 4 3 0 
e 4 5 0 
e 5 4 0 
t # 381# (0, 1497, 9)
v 7 0
v 8 0
v 9 103
v 10 0
v 11 0
v 13 1
e 7 8 0 
e 8 7 0 
e 8 9 0 
e 8 13 0 
e 9 8 0 
e 9 10 0 
e 10 9 0 
e 10 11 0 
e 11 10 0 
e 13 8 0 
t # 382# (0, 1497, 21)
v 3 0
v 20 0
v 21 100
v 22 3
v 23 0
v 25 1
e 3 20 0 
e 20 3 0 
e 20 21 0 
e 20 25 0 
e 21 20 0 
e 21 22 0 
e 22 21 0 
e 22 23 0 
e 23 22 0 
e 23 25 0 
e 25 20 0 
e 25 23 0 
t # 383# (0, 1497, 22)
v 20 0
v 21 0
v 22 103
v 23 0
v 24 1
v 25 1
e 20 21 0 
e 20 25 0 
e 21 20 0 
e 21 22 0 
e 22 21 0 
e 22 23 0 
e 23 22 0 
e 23 24 0 
e 23 25 0 
e 24 23 0 
e 25 20 0 
e 25 23 0 
t # 384# (0, 1500, 0)
v 0 103
v 1 0
v 2 0
v 14 1
v 15 0
v 16 1
e 0 1 0 
e 0 15 0 
e 1 0 0 
e 1 2 0 
e 2 1 0 
e 2 14 0 
e 14 2 0 
e 14 15 0 
e 15 0 0 
e 15 14 0 
e 15 16 0 
e 16 15 0 
t # 385# (0, 1500, 1)
v 0 3
v 1 100
v 2 0
v 3 0
v 14 1
v 15 0
e 0 1 0 
e 0 15 0 
e 1 0 0 
e 1 2 0 
e 2 1 0 
e 2 3 0 
e 2 14 0 
e 3 2 0 
e 14 2 0 
e 14 15 0 
e 15 0 0 
e 15 14 0 
t # 386# (0, 1500, 3)
v 1 0
v 2 0
v 3 100
v 4 3
v 5 0
v 14 1
e 1 2 0 
e 2 1 0 
e 2 3 0 
e 2 14 0 
e 3 2 0 
e 3 4 0 
e 4 3 0 
e 4 5 0 
e 5 4 0 
e 14 2 0 
t # 387# (0, 1500, 4)
v 2 0
v 3 0
v 4 103
v 5 0
v 6 0
e 2 3 0 
e 3 2 0 
e 3 4 0 
e 4 3 0 
e 4 5 0 
e 5 4 0 
e 5 6 0 
e 6 5 0 
t # 388# (1, 1501, 16)
v 6 0
v 7 0
v 8 0
v 10 0
v 11 0
v 12 0
v 16 103
e 6 7 0 
e 7 6 0 
e 7 8 0 
e 7 16 0 
e 8 7 0 
e 10 11 0 
e 11 10 0 
e 11 12 0 
e 11 16 0 
e 12 11 0 
e 16 7 0 
e 16 11 0 
t # 389# (1, 1503, 13)
v 7 0
v 11 0
v 12 0
v 13 103
v 14 0
v 15 0
v 19 0
e 7 12 0 
e 11 12 0 
e 12 7 0 
e 12 11 0 
e 12 13 0 
e 13 12 0 
e 13 14 0 
e 14 13 0 
e 14 15 0 
e 14 19 0 
e 15 14 0 
e 19 14 0 
t # 390# (0, 1506, 10)
v 6 0
v 8 1
v 9 0
v 10 103
v 11 0
v 12 0
e 6 11 0 
e 8 9 0 
e 9 8 0 
e 9 10 0 
e 9 12 0 
e 10 9 0 
e 10 11 0 
e 11 6 0 
e 11 10 0 
e 12 9 0 
t # 391# (1, 1507, 14)
v 4 0
v 5 0
v 6 0
v 8 0
v 9 0
v 10 0
v 14 103
e 4 5 0 
e 5 4 0 
e 5 6 0 
e 5 14 0 
e 6 5 0 
e 8 9 0 
e 9 8 0 
e 9 10 0 
e 9 14 0 
e 10 9 0 
e 14 5 0 
e 14 9 0 
t # 392# (1, 1508, 20)
v 11 0
v 13 0
v 14 0
v 18 0
v 19 0
v 20 103
e 11 13 0 
e 13 11 0 
e 13 14 0 
e 13 20 0 
e 14 13 0 
e 14 18 0 
e 18 14 0 
e 18 19 0 
e 19 18 0 
e 19 20 0 
e 20 13 0 
e 20 19 0 
t # 393# (0, 1512, 15)
v 12 0
v 14 0
v 15 103
v 16 0
v 17 0
v 18 0
e 12 14 0 
e 14 12 0 
e 14 15 0 
e 14 18 0 
e 15 14 0 
e 15 16 0 
e 16 15 0 
e 16 17 0 
e 17 16 0 
e 17 18 0 
e 18 14 0 
e 18 17 0 
t # 394# (1, 1513, 20)
v 18 0
v 19 3
v 20 100
e 18 19 0 
e 19 18 0 
e 19 20 0 
e 20 19 0 
t # 395# (0, 1520, 3)
v 0 0
v 1 0
v 2 0
v 3 103
v 4 0
v 5 0
v 19 1
v 20 0
e 0 1 0 
e 1 0 0 
e 1 2 0 
e 1 3 0 
e 1 20 0 
e 2 1 0 
e 3 1 0 
e 3 4 0 
e 4 3 0 
e 4 5 0 
e 4 19 0 
e 5 4 0 
e 19 4 0 
e 19 20 0 
e 20 1 0 
e 20 19 0 
t # 396# (0, 1520, 10)
v 7 0
v 9 0
v 10 103
v 11 0
v 12 0
v 16 0
e 7 9 0 
e 9 7 0 
e 9 10 0 
e 10 9 0 
e 10 11 0 
e 11 10 0 
e 11 12 0 
e 11 16 0 
e 12 11 0 
e 16 11 0 
t # 397# (1, 1522, 22)
v 4 0
v 5 0
v 6 0
v 16 0
v 17 0
v 18 0
v 22 103
e 4 5 0 
e 5 4 0 
e 5 6 0 
e 5 22 0 
e 6 5 0 
e 16 17 0 
e 17 16 0 
e 17 18 0 
e 17 22 0 
e 18 17 0 
e 22 5 0 
e 22 17 0 
t # 398# (1, 1523, 21)
v 3 0
v 4 0
v 5 0
v 19 0
v 20 0
v 21 103
v 22 0
e 3 4 0 
e 4 3 0 
e 4 5 0 
e 4 21 0 
e 5 4 0 
e 19 20 0 
e 20 19 0 
e 20 21 0 
e 20 22 0 
e 21 4 0 
e 21 20 0 
e 22 20 0 
t # 399# (0, 1561, 13)
v 11 0
v 12 0
v 13 103
v 14 0
v 15 0
v 17 1
e 11 12 0 
e 12 11 0 
e 12 13 0 
e 12 17 0 
e 13 12 0 
e 13 14 0 
e 14 13 0 
e 14 15 0 
e 15 14 0 
e 15 17 0 
e 17 12 0 
e 17 15 0 
t # 400# (0, 1565, 4)
v 2 0
v 3 0
v 4 103
v 5 0
v 6 0
e 2 3 0 
e 3 2 0 
e 3 4 0 
e 4 3 0 
e 4 5 0 
e 5 4 0 
e 5 6 0 
e 6 5 0 
t # 401# (1, 1615, 16)
v 10 0
v 14 0
v 15 0
v 16 103
v 17 0
v 18 0
v 22 0
e 10 15 0 
e 14 15 0 
e 15 10 0 
e 15 14 0 
e 15 16 0 
e 16 15 0 
e 16 17 0 
e 17 16 0 
e 17 18 0 
e 17 22 0 
e 18 17 0 
e 22 17 0 
t # 402# (1, 1624, 15)
v 5 0
v 6 0
v 7 0
v 9 0
v 10 0
v 11 0
v 15 103
e 5 6 0 
e 6 5 0 
e 6 7 0 
e 6 15 0 
e 7 6 0 
e 9 10 0 
e 10 9 0 
e 10 11 0 
e 10 15 0 
e 11 10 0 
e 15 6 0 
e 15 10 0 
t # 403# (0, 1627, 16)
v 14 0
v 15 0
v 16 103
v 17 0
v 18 0
v 19 0
v 20 0
v 21 1
e 14 15 0 
e 15 14 0 
e 15 16 0 
e 15 21 0 
e 16 15 0 
e 16 17 0 
e 17 16 0 
e 17 18 0 
e 17 19 0 
e 17 20 0 
e 18 17 0 
e 19 17 0 
e 20 17 0 
e 20 21 0 
e 21 15 0 
e 21 20 0 
t # 404# (0, 1629, 5)
v 2 0
v 3 0
v 4 0
v 5 103
v 6 0
v 7 0
v 25 1
v 26 0
e 2 3 0 
e 3 2 0 
e 3 4 0 
e 3 5 0 
e 3 26 0 
e 4 3 0 
e 5 3 0 
e 5 6 0 
e 6 5 0 
e 6 7 0 
e 6 25 0 
e 7 6 0 
e 25 6 0 
e 25 26 0 
e 26 3 0 
e 26 25 0 
t # 405# (0, 1635, 2)
v 0 1
v 1 0
v 2 103
v 3 0
v 4 0
v 5 1
e 0 1 0 
e 1 0 0 
e 1 2 0 
e 1 5 0 
e 2 1 0 
e 2 3 0 
e 3 2 0 
e 3 4 0 
e 4 3 0 
e 4 5 0 
e 5 1 0 
e 5 4 0 
t # 406# (0, 1635, 3)
v 1 0
v 2 3
v 3 100
v 4 0
v 5 1
v 6 0
e 1 2 0 
e 1 5 0 
e 2 1 0 
e 2 3 0 
e 3 2 0 
e 3 4 0 
e 4 3 0 
e 4 5 0 
e 4 6 0 
e 5 1 0 
e 5 4 0 
e 6 4 0 
t # 407# (0, 1635, 18)
v 16 0
v 17 0
v 18 103
v 19 0
v 20 0
v 22 1
e 16 17 0 
e 17 16 0 
e 17 18 0 
e 17 22 0 
e 18 17 0 
e 18 19 0 
e 19 18 0 
e 19 20 0 
e 20 19 0 
e 22 17 0 
t # 408# (0, 1639, 3)
v 0 0
v 1 0
v 2 0
v 3 103
v 4 0
v 5 0
v 22 1
v 23 0
e 0 1 0 
e 1 0 0 
e 1 2 0 
e 1 3 0 
e 1 23 0 
e 2 1 0 
e 3 1 0 
e 3 4 0 
e 4 3 0 
e 4 5 0 
e 4 22 0 
e 5 4 0 
e 22 4 0 
e 22 23 0 
e 23 1 0 
e 23 22 0 
t # -1