# 32,# 32 2 target:1 c+:215 c-:16 score:198.11908894354067 score+:996.8249167942251 score-:323.2200143861867 nb:4 =l_1c_1 l_1c_9 l_1c_4 l_1c_3 
t # 0# (1, 3, 9)
v 7 0
v 8 0
v 9 100
v 10 0
v 11 1
v 14 1
e 7 8 0 
e 8 7 0 
e 8 9 0 
e 8 14 0 
e 9 8 0 
e 9 10 0 
e 10 9 0 
e 10 11 0 
e 11 10 0 
e 14 8 0 
t # 1# (1, 4, 19)
v 10 0
v 11 1
v 12 0
v 19 100
v 20 0
v 21 0
e 10 11 0 
e 11 10 0 
e 11 12 0 
e 11 19 0 
e 12 11 0 
e 19 11 0 
e 19 20 0 
e 20 19 0 
e 20 21 0 
e 21 20 0 
t # 2# (1, 5, 1)
v 0 0
v 1 100
v 2 1
v 3 0
v 4 0
v 21 0
v 22 1
e 0 1 0 
e 1 0 0 
e 1 2 0 
e 1 22 0 
e 2 1 0 
e 2 3 0 
e 3 2 0 
e 3 4 0 
e 4 3 0 
e 4 22 0 
e 21 22 0 
e 22 1 0 
e 22 4 0 
e 22 21 0 
t # 3# (1, 10, 10)
v 5 0
v 6 1
v 7 0
v 8 0
v 9 1
v 10 100
v 11 0
e 5 6 0 
e 6 5 0 
e 6 7 0 
e 6 10 0 
e 7 6 0 
e 7 8 0 
e 8 7 0 
e 8 9 0 
e 9 8 0 
e 9 10 0 
e 10 6 0 
e 10 9 0 
e 10 11 0 
e 11 10 0 
t # 4# (1, 13, 11)
v 9 1
v 10 0
v 11 100
v 12 0
v 13 1
v 22 0
e 9 10 0 
e 10 9 0 
e 10 11 0 
e 11 10 0 
e 11 12 0 
e 12 11 0 
e 12 13 0 
e 12 22 0 
e 13 12 0 
e 22 12 0 
t # 5# (1, 14, 11)
v 9 0
v 10 1
v 11 100
v 12 8
v 13 0
v 14 0
e 9 10 0 
e 10 9 0 
e 10 11 0 
e 11 10 0 
e 11 12 0 
e 11 13 0 
e 12 11 0 
e 13 11 0 
e 13 14 0 
e 14 13 0 
t # 6# (1, 16, 10)
v 7 0
v 8 0
v 9 1
v 10 100
v 11 0
v 12 1
e 7 8 0 
e 8 7 0 
e 8 9 0 
e 8 10 0 
e 9 8 0 
e 10 8 0 
e 10 11 0 
e 11 10 0 
e 11 12 0 
e 12 11 0 
t # 7# (1, 19, 36)
v 33 0
v 34 0
v 35 0
v 36 100
v 37 1
v 38 0
e 33 34 0 
e 33 37 0 
e 34 33 0 
e 34 35 0 
e 35 34 0 
e 35 36 0 
e 36 35 0 
e 36 37 0 
e 37 33 0 
e 37 36 0 
e 37 38 0 
e 38 37 0 
t # 8# (1, 36, 13)
v 11 0
v 12 1
v 13 100
v 14 0
v 15 0
v 17 0
v 18 0
v 19 1
e 11 12 0 
e 12 11 0 
e 12 13 0 
e 12 17 0 
e 13 12 0 
e 13 14 0 
e 13 18 0 
e 14 13 0 
e 14 15 0 
e 15 14 0 
e 17 12 0 
e 18 13 0 
e 18 19 0 
e 19 18 0 
t # 9# (1, 36, 17)
v 11 0
v 12 1
v 13 0
v 15 0
v 16 0
v 17 100
e 11 12 0 
e 12 11 0 
e 12 13 0 
e 12 17 0 
e 13 12 0 
e 15 16 0 
e 16 15 0 
e 16 17 0 
e 17 12 0 
e 17 16 0 
t # 10# (1, 49, 1)
v 0 0
v 1 100
v 2 1
v 3 0
v 4 0
v 22 0
v 23 1
e 0 1 0 
e 1 0 0 
e 1 2 0 
e 1 23 0 
e 2 1 0 
e 2 3 0 
e 3 2 0 
e 3 4 0 
e 4 3 0 
e 4 23 0 
e 22 23 0 
e 23 1 0 
e 23 4 0 
e 23 22 0 
t # 11# (1, 60, 12)
v 10 1
v 11 0
v 12 100
v 13 1
v 14 0
v 16 0
v 17 0
v 18 0
e 10 11 0 
e 11 10 0 
e 11 12 0 
e 12 11 0 
e 12 13 0 
e 12 18 0 
e 13 12 0 
e 13 14 0 
e 13 16 0 
e 14 13 0 
e 16 13 0 
e 16 17 0 
e 17 16 0 
e 17 18 0 
e 18 12 0 
e 18 17 0 
t # 12# (1, 61, 13)
v 11 0
v 12 0
v 13 100
v 14 1
v 15 0
v 19 0
e 11 12 0 
e 12 11 0 
e 12 13 0 
e 13 12 0 
e 13 14 0 
e 14 13 0 
e 14 15 0 
e 14 19 0 
e 15 14 0 
e 19 14 0 
t # 13# (1, 66, 17)
v 7 0
v 8 1
v 9 0
v 17 100
v 18 0
v 19 0
e 7 8 0 
e 8 7 0 
e 8 9 0 
e 8 17 0 
e 9 8 0 
e 17 8 0 
e 17 18 0 
e 18 17 0 
e 18 19 0 
e 19 18 0 
t # 14# (1, 87, 1)
v 0 0
v 1 100
v 2 1
v 3 0
v 4 0
v 5 1
v 6 0
e 0 1 0 
e 1 0 0 
e 1 2 0 
e 1 5 0 
e 2 1 0 
e 2 3 0 
e 3 2 0 
e 3 4 0 
e 4 3 0 
e 4 5 0 
e 5 1 0 
e 5 4 0 
e 5 6 0 
e 6 5 0 
t # 15# (1, 90, 5)
v 0 0
v 1 0
v 3 0
v 4 0
v 5 100
v 6 1
v 7 0
v 9 1
v 10 0
e 0 1 0 
e 0 5 0 
e 1 0 0 
e 3 4 0 
e 4 3 0 
e 4 5 0 
e 4 9 0 
e 5 0 0 
e 5 4 0 
e 5 6 0 
e 6 5 0 
e 6 7 0 
e 6 10 0 
e 7 6 0 
e 7 9 0 
e 9 4 0 
e 9 7 0 
e 10 6 0 
t # 16# (1, 90, 10)
v 5 0
v 6 1
v 7 0
v 10 100
v 11 0
v 12 0
e 5 6 0 
e 6 5 0 
e 6 7 0 
e 6 10 0 
e 7 6 0 
e 10 6 0 
e 10 11 0 
e 11 10 0 
e 11 12 0 
e 12 11 0 
t # 17# (1, 93, 14)
v 12 0
v 13 0
v 14 100
v 15 1
v 16 0
v 28 0
e 12 13 0 
e 13 12 0 
e 13 14 0 
e 14 13 0 
e 14 15 0 
e 15 14 0 
e 15 16 0 
e 15 28 0 
e 16 15 0 
e 28 15 0 
t # 18# (0, 99, 8)
v 6 1
v 7 0
v 8 100
v 9 0
v 10 1
v 11 0
v 26 0
e 6 7 0 
e 7 6 0 
e 7 8 0 
e 7 26 0 
e 8 7 0 
e 8 9 0 
e 9 8 0 
e 9 10 0 
e 9 11 0 
e 10 9 0 
e 11 9 0 
e 26 7 0 
t # 19# (1, 110, 13)
v 11 0
v 12 1
v 13 100
v 14 0
v 15 0
v 17 0
e 11 12 0 
e 12 11 0 
e 12 13 0 
e 12 17 0 
e 13 12 0 
e 13 14 0 
e 14 13 0 
e 14 15 0 
e 15 14 0 
e 17 12 0 
t # 20# (1, 124, 3)
v 0 0
v 1 0
v 2 5
v 3 100
v 4 0
v 5 0
v 19 1
e 0 1 0 
e 1 0 0 
e 1 2 0 
e 1 3 0 
e 2 1 0 
e 3 1 0 
e 3 4 0 
e 3 19 0 
e 4 3 0 
e 4 5 0 
e 5 4 0 
e 19 3 0 
t # 21# (1, 145, 12)
v 10 0
v 11 0
v 12 100
v 13 0
v 14 1
v 17 1
e 10 11 0 
e 11 10 0 
e 11 12 0 
e 11 17 0 
e 12 11 0 
e 12 13 0 
e 13 12 0 
e 13 14 0 
e 14 13 0 
e 17 11 0 
t # 22# (1, 146, 16)
v 7 0
v 8 1
v 9 0
v 16 100
v 17 0
v 18 0
e 7 8 0 
e 8 7 0 
e 8 9 0 
e 8 16 0 
e 9 8 0 
e 16 8 0 
e 16 17 0 
e 17 16 0 
e 17 18 0 
e 18 17 0 
t # 23# (1, 147, 15)
v 6 0
v 9 0
v 10 1
v 11 0
v 13 1
v 14 0
v 15 100
v 16 0
e 6 16 0 
e 9 10 0 
e 10 9 0 
e 10 11 0 
e 10 15 0 
e 11 10 0 
e 13 14 0 
e 14 13 0 
e 14 15 0 
e 15 10 0 
e 15 14 0 
e 15 16 0 
e 16 6 0 
e 16 15 0 
t # 24# (1, 151, 3)
v 1 0
v 2 0
v 3 100
v 4 0
v 5 1
v 7 1
e 1 2 0 
e 2 1 0 
e 2 3 0 
e 2 7 0 
e 3 2 0 
e 3 4 0 
e 4 3 0 
e 4 5 0 
e 5 4 0 
e 7 2 0 
t # 25# (1, 164, 10)
v 4 0
v 9 1
v 10 100
v 11 0
v 12 0
v 15 0
e 4 9 0 
e 9 4 0 
e 9 10 0 
e 9 15 0 
e 10 9 0 
e 10 11 0 
e 11 10 0 
e 11 12 0 
e 12 11 0 
e 15 9 0 
t # 26# (1, 174, 20)
v 16 0
v 18 0
v 19 0
v 20 100
v 21 1
v 22 0
e 16 21 0 
e 18 19 0 
e 19 18 0 
e 19 20 0 
e 20 19 0 
e 20 21 0 
e 21 16 0 
e 21 20 0 
e 21 22 0 
e 22 21 0 
t # 27# (1, 191, 9)
v 7 0
v 8 1
v 9 100
v 10 1
v 11 0
v 17 0
v 19 0
e 7 8 0 
e 8 7 0 
e 8 9 0 
e 8 17 0 
e 9 8 0 
e 9 10 0 
e 9 19 0 
e 10 9 0 
e 10 11 0 
e 11 10 0 
e 17 8 0 
e 19 9 0 
t # 28# (1, 197, 11)
v 9 1
v 10 0
v 11 100
v 12 8
e 9 10 0 
e 10 9 0 
e 10 11 0 
e 11 10 0 
e 11 12 0 
e 12 11 0 
t # 29# (1, 197, 14)
v 9 1
v 13 0
v 14 100
v 15 8
e 9 13 0 
e 13 9 0 
e 13 14 0 
e 14 13 0 
e 14 15 0 
e 15 14 0 
t # 30# (1, 199, 13)
v 11 0
v 12 0
v 13 100
v 14 0
v 15 1
v 16 1
e 11 12 0 
e 11 15 0 
e 12 11 0 
e 12 13 0 
e 12 16 0 
e 13 12 0 
e 13 14 0 
e 14 13 0 
e 14 15 0 
e 15 11 0 
e 15 14 0 
e 16 12 0 
t # 31# (0, 202, 50)
v 47 0
v 48 0
v 49 0
v 50 100
v 51 1
v 52 0
e 47 48 0 
e 47 51 0 
e 48 47 0 
e 48 49 0 
e 49 48 0 
e 49 50 0 
e 50 49 0 
e 50 51 0 
e 51 47 0 
e 51 50 0 
e 51 52 0 
e 52 51 0 
t # 32# (0, 202, 86)
v 83 0
v 84 0
v 85 0
v 86 100
v 87 1
v 88 0
e 83 84 0 
e 83 87 0 
e 84 83 0 
e 84 85 0 
e 85 84 0 
e 85 86 0 
e 86 85 0 
e 86 87 0 
e 87 83 0 
e 87 86 0 
e 87 88 0 
e 88 87 0 
t # 33# (1, 211, 15)
v 13 0
v 14 1
v 15 100
v 16 0
v 17 0
v 27 0
e 13 14 0 
e 14 13 0 
e 14 15 0 
e 14 27 0 
e 15 14 0 
e 15 16 0 
e 16 15 0 
e 16 17 0 
e 17 16 0 
e 27 14 0 
t # 34# (1, 217, 16)
v 14 0
v 15 0
v 16 100
v 17 1
v 18 0
v 23 0
e 14 15 0 
e 15 14 0 
e 15 16 0 
e 16 15 0 
e 16 17 0 
e 17 16 0 
e 17 18 0 
e 17 23 0 
e 18 17 0 
e 23 17 0 
t # 35# (1, 231, 1)
v 0 8
v 1 100
v 2 0
v 3 1
e 0 1 0 
e 1 0 0 
e 1 2 0 
e 2 1 0 
e 2 3 0 
e 3 2 0 
t # 36# (1, 231, 8)
v 8 100
v 9 8
v 6 1
v 7 0
e 8 7 0 
e 8 9 0 
e 9 8 0 
e 6 7 0 
e 7 8 0 
e 7 6 0 
t # 37# (1, 233, 1)
v 0 0
v 1 100
v 2 0
v 3 1
v 21 0
v 23 1
e 0 1 0 
e 1 0 0 
e 1 2 0 
e 1 23 0 
e 2 1 0 
e 2 3 0 
e 3 2 0 
e 21 23 0 
e 23 1 0 
e 23 21 0 
t # 38# (1, 233, 6)
v 4 0
v 5 0
v 6 100
v 7 1
v 8 0
v 19 0
e 4 5 0 
e 5 4 0 
e 5 6 0 
e 6 5 0 
e 6 7 0 
e 7 6 0 
e 7 8 0 
e 7 19 0 
e 8 7 0 
e 19 7 0 
t # 39# (1, 233, 21)
v 1 0
v 3 1
v 20 0
v 21 100
v 22 0
v 23 1
e 1 23 0 
e 3 20 0 
e 20 3 0 
e 20 21 0 
e 21 20 0 
e 21 22 0 
e 21 23 0 
e 22 21 0 
e 23 1 0 
e 23 21 0 
t # 40# (1, 234, 10)
v 8 0
v 9 1
v 10 100
v 11 0
v 12 1
e 8 9 0 
e 9 8 0 
e 9 10 0 
e 9 12 0 
e 10 9 0 
e 10 11 0 
e 11 10 0 
e 12 9 0 
t # 41# (1, 237, 5)
v 3 0
v 4 0
v 5 100
v 6 1
v 7 0
v 10 0
e 3 4 0 
e 3 7 0 
e 4 3 0 
e 4 5 0 
e 5 4 0 
e 5 6 0 
e 6 5 0 
e 6 7 0 
e 6 10 0 
e 7 3 0 
e 7 6 0 
e 10 6 0 
t # 42# (1, 261, 29)
v 25 1
v 26 1
v 27 0
v 29 100
v 30 0
e 25 26 0 
e 26 25 0 
e 26 27 0 
e 26 29 0 
e 27 26 0 
e 29 26 0 
e 29 30 0 
e 30 29 0 
t # 43# (1, 265, 16)
v 5 0
v 14 0
v 15 0
v 16 100
v 17 1
v 18 0
e 5 17 0 
e 14 15 0 
e 15 14 0 
e 15 16 0 
e 16 15 0 
e 16 17 0 
e 17 5 0 
e 17 16 0 
e 17 18 0 
e 18 17 0 
t # 44# (1, 267, 9)
v 8 1
v 9 100
v 10 0
v 2 0
e 8 2 0 
e 8 9 0 
e 9 8 0 
e 9 10 0 
e 10 9 0 
e 2 8 0 
t # 45# (1, 272, 31)
v 32 1
v 33 8
v 26 0
v 29 0
v 30 0
v 31 100
e 32 26 0 
e 32 31 0 
e 33 31 0 
e 26 32 0 
e 29 30 0 
e 30 29 0 
e 30 31 0 
e 31 32 0 
e 31 33 0 
e 31 30 0 
t # 46# (1, 274, 15)
v 0 1
v 1 0
v 6 0
v 15 100
v 16 0
v 17 0
e 0 1 0 
e 0 6 0 
e 0 15 0 
e 1 0 0 
e 6 0 0 
e 15 0 0 
e 15 16 0 
e 16 15 0 
e 16 17 0 
e 17 16 0 
t # 47# (1, 283, 13)
v 11 1
v 12 0
v 13 100
v 14 1
v 15 0
v 16 0
v 17 0
v 18 0
e 11 12 0 
e 12 11 0 
e 12 13 0 
e 13 12 0 
e 13 14 0 
e 13 17 0 
e 14 13 0 
e 14 15 0 
e 14 18 0 
e 15 14 0 
e 15 16 0 
e 16 15 0 
e 16 17 0 
e 17 13 0 
e 17 16 0 
e 18 14 0 
t # 48# (1, 295, 11)
v 9 0
v 10 1
v 11 100
v 12 0
v 13 0
v 15 0
e 9 10 0 
e 10 9 0 
e 10 11 0 
e 10 15 0 
e 11 10 0 
e 11 12 0 
e 12 11 0 
e 12 13 0 
e 13 12 0 
e 15 10 0 
t # 49# (1, 295, 17)
v 2 0
v 15 0
v 16 1
v 17 100
v 18 0
v 19 0
e 2 16 0 
e 15 16 0 
e 16 2 0 
e 16 15 0 
e 16 17 0 
e 17 16 0 
e 17 18 0 
e 18 17 0 
e 18 19 0 
e 19 18 0 
t # 50# (1, 298, 4)
v 2 0
v 3 0
v 4 100
v 5 1
v 6 0
v 14 0
v 15 0
v 22 0
v 24 1
e 2 3 0 
e 3 2 0 
e 3 4 0 
e 3 24 0 
e 4 3 0 
e 4 5 0 
e 4 15 0 
e 5 4 0 
e 5 6 0 
e 5 22 0 
e 6 5 0 
e 14 15 0 
e 15 4 0 
e 15 14 0 
e 22 5 0 
e 24 3 0 
t # 51# (1, 304, 19)
v 15 1
v 17 0
v 18 1
v 19 100
v 20 0
v 21 0
e 15 21 0 
e 17 18 0 
e 18 17 0 
e 18 19 0 
e 19 18 0 
e 19 20 0 
e 19 21 0 
e 20 19 0 
e 21 15 0 
e 21 19 0 
t # 52# (1, 318, 11)
v 9 0
v 10 1
v 11 100
v 12 0
e 9 10 0 
e 10 9 0 
e 10 11 0 
e 11 10 0 
e 11 12 0 
e 12 11 0 
t # 53# (1, 328, 8)
v 6 0
v 7 0
v 8 100
v 9 1
v 10 0
v 22 0
e 6 7 0 
e 7 6 0 
e 7 8 0 
e 8 7 0 
e 8 9 0 
e 9 8 0 
e 9 10 0 
e 9 22 0 
e 10 9 0 
e 22 9 0 
t # 54# (1, 333, 0)
v 0 100
v 1 1
v 2 0
v 9 0
v 12 0
v 13 0
e 0 1 0 
e 0 12 0 
e 1 0 0 
e 1 2 0 
e 1 9 0 
e 2 1 0 
e 9 1 0 
e 12 0 0 
e 12 13 0 
e 13 12 0 
t # 55# (1, 350, 15)
v 0 1
v 1 0
v 5 0
v 15 100
v 16 0
v 17 0
e 0 1 0 
e 0 5 0 
e 0 15 0 
e 1 0 0 
e 5 0 0 
e 15 0 0 
e 15 16 0 
e 16 15 0 
e 16 17 0 
e 17 16 0 
t # 56# (1, 354, 15)
v 1 0
v 2 1
v 3 0
v 15 100
v 16 0
v 17 0
e 1 2 0 
e 2 1 0 
e 2 3 0 
e 2 15 0 
e 3 2 0 
e 15 2 0 
e 15 16 0 
e 16 15 0 
e 16 17 0 
e 17 16 0 
t # 57# (1, 359, 7)
v 5 0
v 6 1
v 7 100
v 8 0
v 9 0
v 17 0
e 5 6 0 
e 6 5 0 
e 6 7 0 
e 6 17 0 
e 7 6 0 
e 7 8 0 
e 8 7 0 
e 8 9 0 
e 9 8 0 
e 17 6 0 
t # 58# (1, 360, 3)
v 1 0
v 2 1
v 3 100
v 4 0
v 5 1
v 6 1
v 12 0
e 1 2 0 
e 2 1 0 
e 2 3 0 
e 3 2 0 
e 3 4 0 
e 3 12 0 
e 4 3 0 
e 4 5 0 
e 4 6 0 
e 5 4 0 
e 6 4 0 
e 12 3 0 
t # 59# (1, 379, 1)
v 0 8
v 1 100
v 2 0
v 3 1
e 0 1 0 
e 1 0 0 
e 1 2 0 
e 2 1 0 
e 2 3 0 
e 3 2 0 
t # 60# (1, 385, 9)
v 7 0
v 8 0
v 9 100
v 10 1
v 11 0
v 24 0
e 7 8 0 
e 8 7 0 
e 8 9 0 
e 9 8 0 
e 9 10 0 
e 10 9 0 
e 10 11 0 
e 10 24 0 
e 11 10 0 
e 24 10 0 
t # 61# (1, 389, 8)
v 1 0
v 2 1
v 3 0
v 8 100
v 9 0
v 10 0
e 1 2 0 
e 2 1 0 
e 2 3 0 
e 2 8 0 
e 3 2 0 
e 8 2 0 
e 8 9 0 
e 9 8 0 
e 9 10 0 
e 10 9 0 
t # 62# (1, 392, 4)
v 0 0
v 2 0
v 3 0
v 4 100
v 5 0
v 6 8
v 7 1
e 0 5 0 
e 2 3 0 
e 3 2 0 
e 3 4 0 
e 4 3 0 
e 4 5 0 
e 4 7 0 
e 5 0 0 
e 5 4 0 
e 5 6 0 
e 6 5 0 
e 7 4 0 
t # 63# (1, 392, 13)
v 11 1
v 12 0
v 13 100
v 14 0
v 15 1
v 24 0
e 11 12 0 
e 12 11 0 
e 12 13 0 
e 12 24 0 
e 13 12 0 
e 13 14 0 
e 14 13 0 
e 14 15 0 
e 15 14 0 
e 24 12 0 
t # 64# (1, 392, 24)
v 11 1
v 12 0
v 13 0
v 15 1
v 23 0
v 24 100
e 11 12 0 
e 12 11 0 
e 12 13 0 
e 12 24 0 
e 13 12 0 
e 15 23 0 
e 23 15 0 
e 23 24 0 
e 24 12 0 
e 24 23 0 
t # 65# (0, 401, 30)
v 32 1
v 12 0
v 15 0
v 28 0
v 29 1
v 30 100
v 31 0
e 32 31 0 
e 12 31 0 
e 15 28 0 
e 28 15 0 
e 28 29 0 
e 28 30 0 
e 29 28 0 
e 30 28 0 
e 30 31 0 
e 31 32 0 
e 31 12 0 
e 31 30 0 
t # 66# (1, 406, 5)
v 3 0
v 4 0
v 5 100
v 6 1
v 7 0
v 19 0
e 3 4 0 
e 4 3 0 
e 4 5 0 
e 5 4 0 
e 5 6 0 
e 6 5 0 
e 6 7 0 
e 6 19 0 
e 7 6 0 
e 19 6 0 
t # 67# (1, 407, 11)
v 6 0
v 7 1
v 8 0
v 9 0
v 10 1
v 11 100
v 12 0
e 6 7 0 
e 7 6 0 
e 7 8 0 
e 7 11 0 
e 8 7 0 
e 8 9 0 
e 9 8 0 
e 9 10 0 
e 10 9 0 
e 10 11 0 
e 11 7 0 
e 11 10 0 
e 11 12 0 
e 12 11 0 
t # 68# (1, 410, 15)
v 5 0
v 6 1
v 7 0
v 15 100
v 16 0
v 17 0
e 5 6 0 
e 6 5 0 
e 6 7 0 
e 6 15 0 
e 7 6 0 
e 15 6 0 
e 15 16 0 
e 16 15 0 
e 16 17 0 
e 17 16 0 
t # 69# (1, 412, 24)
v 6 1
v 7 0
v 8 0
v 10 1
v 23 0
v 24 100
e 6 7 0 
e 7 6 0 
e 7 8 0 
e 7 24 0 
e 8 7 0 
e 10 23 0 
e 23 10 0 
e 23 24 0 
e 24 7 0 
e 24 23 0 
t # 70# (1, 416, 19)
v 14 0
v 15 0
v 16 1
v 19 100
v 20 0
v 21 1
e 14 15 0 
e 14 21 0 
e 15 14 0 
e 15 16 0 
e 15 19 0 
e 16 15 0 
e 19 15 0 
e 19 20 0 
e 20 19 0 
e 20 21 0 
e 21 14 0 
e 21 20 0 
t # 71# (1, 424, 19)
v 6 0
v 7 1
v 8 0
v 10 0
v 11 0
v 12 1
v 19 100
v 20 0
v 21 0
e 6 7 0 
e 7 6 0 
e 7 8 0 
e 7 19 0 
e 8 7 0 
e 10 11 0 
e 11 10 0 
e 11 12 0 
e 11 19 0 
e 12 11 0 
e 19 7 0 
e 19 11 0 
e 19 20 0 
e 20 19 0 
e 20 21 0 
e 21 20 0 
t # 72# (1, 426, 1)
v 0 0
v 1 100
v 2 1
v 3 0
e 0 1 0 
e 1 0 0 
e 1 2 0 
e 2 1 0 
e 2 3 0 
e 3 2 0 
t # 73# (1, 428, 1)
v 0 0
v 1 100
v 2 1
v 3 0
v 4 0
v 5 1
v 6 0
e 0 1 0 
e 1 0 0 
e 1 2 0 
e 1 5 0 
e 2 1 0 
e 2 3 0 
e 3 2 0 
e 3 4 0 
e 4 3 0 
e 4 5 0 
e 5 1 0 
e 5 4 0 
e 5 6 0 
e 6 5 0 
t # 74# (1, 431, 27)
v 15 0
v 18 1
v 19 0
v 21 1
v 22 0
v 23 0
v 25 0
v 26 0
v 27 100
e 15 18 0 
e 18 15 0 
e 18 19 0 
e 18 27 0 
e 19 18 0 
e 19 21 0 
e 21 19 0 
e 21 22 0 
e 22 21 0 
e 22 23 0 
e 22 27 0 
e 23 22 0 
e 25 26 0 
e 26 25 0 
e 26 27 0 
e 27 18 0 
e 27 22 0 
e 27 26 0 
t # 75# (1, 433, 5)
v 3 0
v 4 0
v 5 100
v 6 1
v 7 0
v 20 0
e 3 4 0 
e 4 3 0 
e 4 5 0 
e 5 4 0 
e 5 6 0 
e 6 5 0 
e 6 7 0 
e 6 20 0 
e 7 6 0 
e 20 6 0 
t # 76# (1, 435, 11)
v 9 1
v 10 0
v 11 100
v 12 0
v 13 1
v 16 0
e 9 10 0 
e 10 9 0 
e 10 11 0 
e 11 10 0 
e 11 12 0 
e 12 11 0 
e 12 13 0 
e 12 16 0 
e 13 12 0 
e 16 12 0 
t # 77# (1, 437, 6)
v 1 0
v 2 1
v 3 0
v 4 0
v 5 0
v 6 100
e 1 2 0 
e 2 1 0 
e 2 3 0 
e 2 6 0 
e 3 2 0 
e 3 4 0 
e 4 3 0 
e 4 5 0 
e 5 4 0 
e 5 6 0 
e 6 2 0 
e 6 5 0 
t # 78# (1, 443, 27)
v 15 0
v 18 1
v 19 0
v 21 1
v 22 0
v 23 0
v 25 0
v 26 0
v 27 100
e 15 18 0 
e 18 15 0 
e 18 19 0 
e 18 27 0 
e 19 18 0 
e 19 21 0 
e 21 19 0 
e 21 22 0 
e 22 21 0 
e 22 23 0 
e 22 27 0 
e 23 22 0 
e 25 26 0 
e 26 25 0 
e 26 27 0 
e 27 18 0 
e 27 22 0 
e 27 26 0 
t # 79# (1, 447, 9)
v 7 0
v 8 0
v 9 100
v 10 1
v 11 0
v 15 0
e 7 8 0 
e 8 7 0 
e 8 9 0 
e 9 8 0 
e 9 10 0 
e 10 9 0 
e 10 11 0 
e 10 15 0 
e 11 10 0 
e 15 10 0 
t # 80# (1, 447, 22)
v 17 0
v 19 1
v 20 0
v 22 100
v 23 0
v 24 0
e 17 19 0 
e 19 17 0 
e 19 20 0 
e 19 22 0 
e 20 19 0 
e 22 19 0 
e 22 23 0 
e 23 22 0 
e 23 24 0 
e 24 23 0 
t # 81# (1, 454, 6)
v 0 0
v 4 0
v 5 0
v 6 106
v 7 2
v 8 0
v 14 0
v 15 2
e 0 5 0 
e 4 5 0 
e 5 0 0 
e 5 4 0 
e 5 6 0 
e 6 5 0 
e 6 7 0 
e 6 15 0 
e 7 6 0 
e 7 8 0 
e 8 7 0 
e 14 15 0 
e 15 6 0 
e 15 14 0 
t # 82# (1, 463, 9)
v 7 0
v 8 0
v 9 100
v 10 1
v 11 0
v 19 0
e 7 8 0 
e 8 7 0 
e 8 9 0 
e 9 8 0 
e 9 10 0 
e 10 9 0 
e 10 11 0 
e 10 19 0 
e 11 10 0 
e 19 10 0 
t # 83# (1, 464, 18)
v 12 0
v 16 0
v 17 0
v 18 100
v 19 1
v 20 8
e 12 19 0 
e 16 17 0 
e 17 16 0 
e 17 18 0 
e 18 17 0 
e 18 19 0 
e 18 20 0 
e 19 12 0 
e 19 18 0 
e 20 18 0 
t # 84# (1, 470, 15)
v 6 0
v 7 1
v 8 0
v 15 100
v 16 0
v 17 0
e 6 7 0 
e 7 6 0 
e 7 8 0 
e 7 15 0 
e 8 7 0 
e 15 7 0 
e 15 16 0 
e 16 15 0 
e 16 17 0 
e 17 16 0 
t # 85# (1, 478, 0)
v 0 100
v 1 0
v 2 0
v 35 0
v 36 0
v 9 1
v 12 0
v 13 1
v 14 0
e 0 1 0 
e 0 13 0 
e 0 36 0 
e 1 0 0 
e 1 2 0 
e 1 9 0 
e 2 1 0 
e 35 36 0 
e 36 0 0 
e 36 35 0 
e 9 1 0 
e 12 13 0 
e 13 0 0 
e 13 12 0 
e 13 14 0 
e 14 13 0 
t # 86# (1, 481, 20)
v 1 1
v 2 1
v 3 0
v 20 100
v 21 0
e 1 2 0 
e 2 1 0 
e 2 3 0 
e 2 20 0 
e 3 2 0 
e 20 2 0 
e 20 21 0 
e 21 20 0 
t # 87# (1, 500, 21)
v 10 1
v 19 0
v 20 0
v 21 100
v 22 0
v 23 1
e 10 22 0 
e 19 20 0 
e 20 19 0 
e 20 21 0 
e 20 23 0 
e 21 20 0 
e 21 22 0 
e 22 10 0 
e 22 21 0 
e 23 20 0 
t # 88# (1, 500, 22)
v 9 0
v 10 1
v 11 0
v 20 0
v 21 0
v 22 100
e 9 10 0 
e 10 9 0 
e 10 11 0 
e 10 22 0 
e 11 10 0 
e 20 21 0 
e 21 20 0 
e 21 22 0 
e 22 10 0 
e 22 21 0 
t # 89# (1, 508, 15)
v 9 0
v 10 1
v 11 0
v 13 0
v 14 0
v 15 100
e 9 10 0 
e 10 9 0 
e 10 11 0 
e 10 15 0 
e 11 10 0 
e 13 14 0 
e 14 13 0 
e 14 15 0 
e 15 10 0 
e 15 14 0 
t # 90# (1, 511, 14)
v 12 1
v 13 0
v 14 100
v 15 8
e 12 13 0 
e 13 12 0 
e 13 14 0 
e 14 13 0 
e 14 15 0 
e 15 14 0 
t # 91# (1, 511, 17)
v 16 0
v 17 100
v 18 8
v 12 1
e 16 12 0 
e 16 17 0 
e 17 16 0 
e 17 18 0 
e 18 17 0 
e 12 16 0 
t # 92# (1, 512, 15)
v 9 0
v 10 1
v 11 0
v 13 0
v 14 0
v 15 100
e 9 10 0 
e 10 9 0 
e 10 11 0 
e 10 15 0 
e 11 10 0 
e 13 14 0 
e 14 13 0 
e 14 15 0 
e 15 10 0 
e 15 14 0 
t # 93# (1, 513, 5)
v 3 0
v 4 0
v 5 100
v 6 1
v 7 0
v 20 0
e 3 4 0 
e 4 3 0 
e 4 5 0 
e 5 4 0 
e 5 6 0 
e 6 5 0 
e 6 7 0 
e 6 20 0 
e 7 6 0 
e 20 6 0 
t # 94# (1, 518, 9)
v 7 1
v 8 0
v 9 100
v 10 0
v 11 1
v 23 0
e 7 8 0 
e 8 7 0 
e 8 9 0 
e 9 8 0 
e 9 10 0 
e 10 9 0 
e 10 11 0 
e 10 23 0 
e 11 10 0 
e 23 10 0 
t # 95# (1, 518, 23)
v 7 1
v 9 0
v 10 0
v 11 1
v 23 100
v 24 0
e 7 24 0 
e 9 10 0 
e 10 9 0 
e 10 11 0 
e 10 23 0 
e 11 10 0 
e 23 10 0 
e 23 24 0 
e 24 7 0 
e 24 23 0 
t # 96# (1, 521, 7)
v 5 0
v 6 1
v 7 100
v 8 0
v 9 0
v 25 0
e 5 6 0 
e 6 5 0 
e 6 7 0 
e 6 25 0 
e 7 6 0 
e 7 8 0 
e 8 7 0 
e 8 9 0 
e 9 8 0 
e 25 6 0 
t # 97# (1, 524, 8)
v 2 1
v 3 0
v 4 0
v 5 1
v 7 1
v 8 100
v 9 0
e 2 3 0 
e 3 2 0 
e 3 4 0 
e 3 8 0 
e 4 3 0 
e 4 5 0 
e 5 4 0 
e 5 7 0 
e 7 5 0 
e 7 8 0 
e 8 3 0 
e 8 7 0 
e 8 9 0 
e 9 8 0 
t # 98# (0, 528, 31)
v 32 1
v 33 0
v 26 0
v 28 0
v 30 0
v 31 100
e 32 26 0 
e 32 31 0 
e 32 33 0 
e 33 32 0 
e 26 32 0 
e 28 30 0 
e 30 28 0 
e 30 31 0 
e 31 32 0 
e 31 30 0 
t # 99# (0, 528, 53)
v 50 0
v 51 0
v 52 0
v 53 100
v 54 1
v 55 0
e 50 51 0 
e 50 54 0 
e 51 50 0 
e 51 52 0 
e 52 51 0 
e 52 53 0 
e 53 52 0 
e 53 54 0 
e 54 50 0 
e 54 53 0 
e 54 55 0 
e 55 54 0 
t # 100# (1, 533, 18)
v 1 0
v 3 0
v 4 0
v 5 1
v 9 0
v 11 1
v 12 0
v 18 100
v 19 0
e 1 19 0 
e 3 4 0 
e 4 3 0 
e 4 5 0 
e 4 18 0 
e 5 4 0 
e 9 11 0 
e 11 9 0 
e 11 12 0 
e 11 18 0 
e 12 11 0 
e 18 4 0 
e 18 11 0 
e 18 19 0 
e 19 1 0 
e 19 18 0 
t # 101# (1, 542, 18)
v 16 1
v 17 0
v 18 100
v 19 8
e 16 17 0 
e 17 16 0 
e 17 18 0 
e 18 17 0 
e 18 19 0 
e 19 18 0 
t # 102# (1, 542, 21)
v 16 1
v 20 0
v 21 100
v 22 8
e 16 20 0 
e 20 16 0 
e 20 21 0 
e 21 20 0 
e 21 22 0 
e 22 21 0 
t # 103# (1, 545, 15)
v 13 1
v 14 0
v 15 100
v 16 1
v 17 0
v 18 0
v 19 0
v 20 0
e 13 14 0 
e 14 13 0 
e 14 15 0 
e 15 14 0 
e 15 16 0 
e 15 19 0 
e 16 15 0 
e 16 17 0 
e 16 20 0 
e 17 16 0 
e 17 18 0 
e 18 17 0 
e 18 19 0 
e 19 15 0 
e 19 18 0 
e 20 16 0 
t # 104# (1, 551, 21)
v 6 0
v 7 1
v 8 0
v 10 0
v 11 0
v 12 1
v 21 100
v 22 0
v 23 0
e 6 7 0 
e 7 6 0 
e 7 8 0 
e 7 21 0 
e 8 7 0 
e 10 11 0 
e 11 10 0 
e 11 12 0 
e 11 21 0 
e 12 11 0 
e 21 7 0 
e 21 11 0 
e 21 22 0 
e 22 21 0 
e 22 23 0 
e 23 22 0 
t # 105# (1, 559, 7)
v 5 0
v 6 0
v 7 100
v 8 1
v 9 0
v 21 0
e 5 6 0 
e 6 5 0 
e 6 7 0 
e 7 6 0 
e 7 8 0 
e 8 7 0 
e 8 9 0 
e 8 21 0 
e 9 8 0 
e 21 8 0 
t # 106# (1, 576, 1)
v 0 0
v 1 100
v 2 1
v 3 0
e 0 1 0 
e 1 0 0 
e 1 2 0 
e 2 1 0 
e 2 3 0 
e 3 2 0 
t # 107# (1, 587, 15)
v 13 0
v 14 1
v 15 100
v 16 0
v 17 0
v 29 0
e 13 14 0 
e 14 13 0 
e 14 15 0 
e 14 29 0 
e 15 14 0 
e 15 16 0 
e 16 15 0 
e 16 17 0 
e 17 16 0 
e 29 14 0 
t # 108# (1, 605, 11)
v 9 0
v 10 1
v 11 100
v 12 0
v 13 1
v 18 0
v 19 0
v 21 0
e 9 10 0 
e 10 9 0 
e 10 11 0 
e 10 21 0 
e 11 10 0 
e 11 12 0 
e 11 18 0 
e 12 11 0 
e 12 13 0 
e 13 12 0 
e 18 11 0 
e 18 19 0 
e 19 18 0 
e 21 10 0 
t # 109# (1, 608, 6)
v 4 0
v 5 0
v 6 100
v 7 1
v 8 0
v 15 0
v 21 1
v 22 0
v 23 0
e 4 5 0 
e 5 4 0 
e 5 6 0 
e 6 5 0 
e 6 7 0 
e 6 22 0 
e 7 6 0 
e 7 8 0 
e 7 15 0 
e 8 7 0 
e 15 7 0 
e 21 22 0 
e 22 6 0 
e 22 21 0 
e 22 23 0 
e 23 22 0 
t # 110# (1, 608, 15)
v 6 0
v 7 1
v 8 0
v 15 100
v 16 0
v 17 0
v 19 0
v 20 0
v 21 1
e 6 7 0 
e 7 6 0 
e 7 8 0 
e 7 15 0 
e 8 7 0 
e 15 7 0 
e 15 16 0 
e 15 20 0 
e 16 15 0 
e 16 17 0 
e 17 16 0 
e 19 20 0 
e 20 15 0 
e 20 19 0 
e 20 21 0 
e 21 20 0 
t # 111# (1, 614, 4)
v 2 0
v 3 1
v 4 100
v 5 0
v 6 0
v 29 0
e 2 3 0 
e 3 2 0 
e 3 4 0 
e 3 29 0 
e 4 3 0 
e 4 5 0 
e 5 4 0 
e 5 6 0 
e 6 5 0 
e 29 3 0 
t # 112# (1, 625, 6)
v 3 0
v 5 0
v 6 100
v 7 1
v 8 0
v 13 0
v 14 1
v 15 0
v 16 0
e 3 5 0 
e 5 3 0 
e 5 6 0 
e 6 5 0 
e 6 7 0 
e 6 15 0 
e 7 6 0 
e 7 8 0 
e 7 13 0 
e 8 7 0 
e 13 7 0 
e 13 14 0 
e 14 13 0 
e 14 15 0 
e 15 6 0 
e 15 14 0 
e 15 16 0 
e 16 15 0 
t # 113# (1, 631, 11)
v 4 0
v 8 0
v 10 1
v 11 100
v 12 0
v 13 0
e 4 10 0 
e 8 10 0 
e 10 4 0 
e 10 8 0 
e 10 11 0 
e 11 10 0 
e 11 12 0 
e 12 11 0 
e 12 13 0 
e 13 12 0 
t # 114# (1, 658, 16)
v 14 0
v 15 1
v 16 100
v 17 0
v 18 0
v 28 0
e 14 15 0 
e 15 14 0 
e 15 16 0 
e 15 28 0 
e 16 15 0 
e 16 17 0 
e 17 16 0 
e 17 18 0 
e 18 17 0 
e 28 15 0 
t # 115# (1, 672, 11)
v 0 0
v 1 1
v 2 0
v 9 0
v 10 1
v 11 100
v 12 0
e 0 1 0 
e 1 0 0 
e 1 2 0 
e 1 11 0 
e 2 1 0 
e 9 10 0 
e 10 9 0 
e 10 11 0 
e 11 1 0 
e 11 10 0 
e 11 12 0 
e 12 11 0 
t # 116# (1, 674, 7)
v 5 1
v 6 0
v 7 100
v 8 0
v 9 0
v 11 0
v 12 1
v 13 0
e 5 6 0 
e 6 5 0 
e 6 7 0 
e 6 13 0 
e 7 6 0 
e 7 8 0 
e 7 12 0 
e 8 7 0 
e 8 9 0 
e 9 8 0 
e 11 12 0 
e 12 7 0 
e 12 11 0 
e 12 13 0 
e 13 6 0 
e 13 12 0 
t # 117# (1, 679, 3)
v 1 0
v 2 1
v 3 100
v 4 0
v 5 0
v 22 0
e 1 2 0 
e 2 1 0 
e 2 3 0 
e 2 22 0 
e 3 2 0 
e 3 4 0 
e 4 3 0 
e 4 5 0 
e 5 4 0 
e 22 2 0 
t # 118# (1, 680, 13)
v 11 1
v 12 0
v 13 100
v 14 1
v 15 0
v 16 0
v 17 0
v 18 0
e 11 12 0 
e 12 11 0 
e 12 13 0 
e 13 12 0 
e 13 14 0 
e 13 17 0 
e 14 13 0 
e 14 15 0 
e 14 18 0 
e 15 14 0 
e 15 16 0 
e 16 15 0 
e 16 17 0 
e 17 13 0 
e 17 16 0 
e 18 14 0 
t # 119# (1, 684, 4)
v 2 0
v 3 0
v 4 100
v 5 1
v 6 0
v 19 0
e 2 3 0 
e 3 2 0 
e 3 4 0 
e 4 3 0 
e 4 5 0 
e 5 4 0 
e 5 6 0 
e 5 19 0 
e 6 5 0 
e 19 5 0 
t # 120# (1, 688, 15)
v 5 0
v 6 1
v 7 0
v 15 100
v 16 0
v 17 0
e 5 6 0 
e 6 5 0 
e 6 7 0 
e 6 15 0 
e 7 6 0 
e 15 6 0 
e 15 16 0 
e 16 15 0 
e 16 17 0 
e 17 16 0 
t # 121# (1, 689, 11)
v 4 0
v 7 0
v 9 0
v 10 0
v 11 100
v 12 1
e 4 12 0 
e 7 12 0 
e 9 10 0 
e 10 9 0 
e 10 11 0 
e 11 10 0 
e 11 12 0 
e 12 4 0 
e 12 7 0 
e 12 11 0 
t # 122# (1, 706, 6)
v 0 0
v 1 0
v 2 1
v 6 100
v 7 0
v 8 1
e 0 1 0 
e 1 0 0 
e 1 2 0 
e 1 6 0 
e 2 1 0 
e 6 1 0 
e 6 7 0 
e 7 6 0 
e 7 8 0 
e 8 7 0 
t # 123# (0, 707, 20)
v 16 0
v 18 0
v 19 0
v 20 100
v 21 1
v 22 0
e 16 21 0 
e 18 19 0 
e 19 18 0 
e 19 20 0 
e 20 19 0 
e 20 21 0 
e 21 16 0 
e 21 20 0 
e 21 22 0 
e 22 21 0 
t # 124# (1, 710, 7)
v 5 0
v 6 0
v 7 100
v 8 1
v 9 0
v 22 0
e 5 6 0 
e 6 5 0 
e 6 7 0 
e 7 6 0 
e 7 8 0 
e 8 7 0 
e 8 9 0 
e 8 22 0 
e 9 8 0 
e 22 8 0 
t # 125# (1, 712, 10)
v 6 0
v 8 0
v 9 0
v 10 100
v 11 1
v 12 8
v 13 0
e 6 11 0 
e 8 9 0 
e 9 8 0 
e 9 10 0 
e 9 13 0 
e 10 9 0 
e 10 11 0 
e 10 12 0 
e 11 6 0 
e 11 10 0 
e 12 10 0 
e 13 9 0 
t # 126# (1, 714, 13)
v 11 0
v 12 0
v 13 100
v 14 0
v 15 1
v 19 1
e 11 12 0 
e 12 11 0 
e 12 13 0 
e 12 19 0 
e 13 12 0 
e 13 14 0 
e 14 13 0 
e 14 15 0 
e 15 14 0 
e 19 12 0 
t # 127# (1, 723, 16)
v 14 0
v 15 1
v 16 100
v 17 0
v 18 0
v 28 0
e 14 15 0 
e 15 14 0 
e 15 16 0 
e 15 28 0 
e 16 15 0 
e 16 17 0 
e 17 16 0 
e 17 18 0 
e 18 17 0 
e 28 15 0 
t # 128# (1, 724, 5)
v 0 0
v 1 0
v 3 0
v 4 0
v 5 100
v 6 1
v 7 0
v 10 1
v 16 0
e 0 1 0 
e 0 5 0 
e 1 0 0 
e 3 4 0 
e 4 3 0 
e 4 5 0 
e 4 10 0 
e 5 0 0 
e 5 4 0 
e 5 6 0 
e 6 5 0 
e 6 7 0 
e 6 16 0 
e 7 6 0 
e 10 4 0 
e 16 6 0 
t # 129# (1, 727, 11)
v 9 0
v 10 1
v 11 100
v 12 0
v 13 0
v 15 0
e 9 10 0 
e 10 9 0 
e 10 11 0 
e 10 15 0 
e 11 10 0 
e 11 12 0 
e 12 11 0 
e 12 13 0 
e 13 12 0 
e 15 10 0 
t # 130# (1, 727, 15)
v 9 0
v 10 1
v 11 0
v 13 0
v 14 0
v 15 100
v 16 0
v 17 1
e 9 10 0 
e 10 9 0 
e 10 11 0 
e 10 15 0 
e 11 10 0 
e 13 14 0 
e 14 13 0 
e 14 15 0 
e 15 10 0 
e 15 14 0 
e 15 16 0 
e 16 15 0 
e 16 17 0 
e 17 16 0 
t # 131# (1, 733, 8)
v 6 3
v 7 1
v 8 100
v 9 0
v 10 0
v 13 0
v 15 0
e 6 7 0 
e 7 6 0 
e 7 8 0 
e 7 13 0 
e 8 7 0 
e 8 9 0 
e 9 8 0 
e 9 10 0 
e 9 15 0 
e 10 9 0 
e 13 7 0 
e 15 9 0 
t # 132# (1, 733, 13)
v 6 3
v 7 1
v 8 0
v 11 0
v 12 0
v 13 100
v 14 0
e 6 7 0 
e 7 6 0 
e 7 8 0 
e 7 13 0 
e 8 7 0 
e 11 12 0 
e 12 11 0 
e 12 13 0 
e 12 14 0 
e 13 7 0 
e 13 12 0 
e 14 12 0 
t # 133# (0, 755, 9)
v 7 1
v 8 0
v 9 100
v 10 0
v 11 1
v 12 0
v 25 0
e 7 8 0 
e 8 7 0 
e 8 9 0 
e 8 25 0 
e 9 8 0 
e 9 10 0 
e 10 9 0 
e 10 11 0 
e 10 12 0 
e 11 10 0 
e 12 10 0 
e 25 8 0 
t # 134# (1, 756, 14)
v 12 0
v 13 1
v 14 100
v 15 0
v 16 0
v 20 0
e 12 13 0 
e 13 12 0 
e 13 14 0 
e 13 20 0 
e 14 13 0 
e 14 15 0 
e 15 14 0 
e 15 16 0 
e 16 15 0 
e 20 13 0 
t # 135# (1, 757, 21)
v 18 0
v 20 1
v 21 100
v 22 0
v 23 0
v 24 0
e 18 20 0 
e 20 18 0 
e 20 21 0 
e 20 24 0 
e 21 20 0 
e 21 22 0 
e 22 21 0 
e 22 23 0 
e 23 22 0 
e 23 24 0 
e 24 20 0 
e 24 23 0 
t # 136# (1, 762, 18)
v 17 1
v 18 100
v 19 0
v 15 0
e 17 15 0 
e 17 18 0 
e 18 17 0 
e 18 19 0 
e 19 18 0 
e 15 17 0 
t # 137# (1, 768, 3)
v 1 0
v 2 0
v 3 100
v 4 0
v 5 1
v 8 1
e 1 2 0 
e 2 1 0 
e 2 3 0 
e 2 8 0 
e 3 2 0 
e 3 4 0 
e 4 3 0 
e 4 5 0 
e 5 4 0 
e 8 2 0 
t # 138# (1, 785, 18)
v 9 0
v 10 1
v 11 0
v 18 100
v 19 0
v 20 0
e 9 10 0 
e 10 9 0 
e 10 11 0 
e 10 18 0 
e 11 10 0 
e 18 10 0 
e 18 19 0 
e 19 18 0 
e 19 20 0 
e 20 19 0 
t # 139# (1, 787, 1)
v 0 0
v 1 100
v 2 1
v 3 0
v 10 0
v 14 1
v 15 0
v 16 0
v 18 0
e 0 1 0 
e 0 18 0 
e 1 0 0 
e 1 2 0 
e 1 15 0 
e 2 1 0 
e 2 3 0 
e 2 10 0 
e 3 2 0 
e 10 2 0 
e 14 15 0 
e 15 1 0 
e 15 14 0 
e 15 16 0 
e 16 15 0 
e 18 0 0 
t # 140# (1, 792, 13)
v 13 100
v 12 1
v 5 0
v 14 0
e 13 12 0 
e 13 14 0 
e 12 13 0 
e 12 5 0 
e 5 12 0 
e 14 13 0 
t # 141# (1, 796, 20)
v 11 0
v 12 1
v 13 0
v 20 100
v 21 0
v 22 0
e 11 12 0 
e 12 11 0 
e 12 13 0 
e 12 20 0 
e 13 12 0 
e 20 12 0 
e 20 21 0 
e 21 20 0 
e 21 22 0 
e 22 21 0 
t # 142# (1, 800, 11)
v 9 0
v 10 1
v 11 100
v 12 0
v 13 0
v 15 0
v 22 0
v 23 1
e 9 10 0 
e 10 9 0 
e 10 11 0 
e 10 15 0 
e 11 10 0 
e 11 12 0 
e 11 22 0 
e 12 11 0 
e 12 13 0 
e 13 12 0 
e 15 10 0 
e 22 11 0 
e 22 23 0 
e 23 22 0 
t # 143# (1, 804, 20)
v 17 0
v 19 1
v 20 100
v 21 0
v 22 0
v 23 0
e 17 19 0 
e 19 17 0 
e 19 20 0 
e 19 23 0 
e 20 19 0 
e 20 21 0 
e 21 20 0 
e 21 22 0 
e 22 21 0 
e 22 23 0 
e 23 19 0 
e 23 22 0 
t # 144# (1, 814, 17)
v 15 1
v 16 0
v 17 100
v 18 1
v 19 0
v 20 0
v 21 0
v 22 0
e 15 16 0 
e 16 15 0 
e 16 17 0 
e 17 16 0 
e 17 18 0 
e 17 21 0 
e 18 17 0 
e 18 19 0 
e 18 22 0 
e 19 18 0 
e 19 20 0 
e 20 19 0 
e 20 21 0 
e 21 17 0 
e 21 20 0 
e 22 18 0 
t # 145# (1, 815, 6)
v 1 0
v 3 0
v 5 1
v 6 100
v 7 0
v 8 0
e 1 7 0 
e 3 5 0 
e 5 3 0 
e 5 6 0 
e 5 8 0 
e 6 5 0 
e 6 7 0 
e 7 1 0 
e 7 6 0 
e 8 5 0 
t # 146# (1, 816, 1)
v 0 0
v 1 100
v 2 1
v 3 0
v 4 0
v 21 0
v 22 1
e 0 1 0 
e 1 0 0 
e 1 2 0 
e 1 22 0 
e 2 1 0 
e 2 3 0 
e 3 2 0 
e 3 4 0 
e 4 3 0 
e 4 22 0 
e 21 22 0 
e 22 1 0 
e 22 4 0 
e 22 21 0 
t # 147# (1, 822, 5)
v 3 0
v 4 0
v 5 100
v 6 1
v 7 0
v 19 0
e 3 4 0 
e 4 3 0 
e 4 5 0 
e 5 4 0 
e 5 6 0 
e 6 5 0 
e 6 7 0 
e 6 19 0 
e 7 6 0 
e 19 6 0 
t # 148# (1, 836, 24)
v 12 0
v 15 1
v 16 0
v 18 1
v 19 0
v 20 0
v 22 0
v 23 0
v 24 100
e 12 15 0 
e 15 12 0 
e 15 16 0 
e 15 24 0 
e 16 15 0 
e 16 18 0 
e 18 16 0 
e 18 19 0 
e 19 18 0 
e 19 20 0 
e 19 24 0 
e 20 19 0 
e 22 23 0 
e 23 22 0 
e 23 24 0 
e 24 15 0 
e 24 19 0 
e 24 23 0 
t # 149# (0, 856, 17)
v 12 0
v 13 0
v 14 1
v 17 100
v 18 0
v 19 1
e 12 13 0 
e 12 19 0 
e 13 12 0 
e 13 14 0 
e 13 17 0 
e 14 13 0 
e 17 13 0 
e 17 18 0 
e 18 17 0 
e 18 19 0 
e 19 12 0 
e 19 18 0 
t # 150# (1, 858, 17)
v 9 0
v 10 1
v 11 0
v 17 100
v 18 0
v 19 0
e 9 10 0 
e 10 9 0 
e 10 11 0 
e 10 17 0 
e 11 10 0 
e 17 10 0 
e 17 18 0 
e 18 17 0 
e 18 19 0 
e 19 18 0 
t # 151# (1, 871, 1)
v 0 0
v 1 100
v 2 1
v 3 0
v 5 0
v 6 0
v 7 1
e 0 1 0 
e 1 0 0 
e 1 2 0 
e 1 6 0 
e 2 1 0 
e 2 3 0 
e 3 2 0 
e 5 6 0 
e 6 1 0 
e 6 5 0 
e 6 7 0 
e 7 6 0 
t # 152# (0, 873, 9)
v 6 0
v 7 0
v 8 1
v 9 100
v 10 0
v 11 1
v 17 0
e 6 7 0 
e 7 6 0 
e 7 8 0 
e 7 9 0 
e 8 7 0 
e 9 7 0 
e 9 10 0 
e 10 9 0 
e 10 11 0 
e 10 17 0 
e 11 10 0 
e 17 10 0 
t # 153# (1, 877, 14)
v 4 0
v 5 1
v 6 0
v 14 100
v 15 0
v 16 0
e 4 5 0 
e 5 4 0 
e 5 6 0 
e 5 14 0 
e 6 5 0 
e 14 5 0 
e 14 15 0 
e 15 14 0 
e 15 16 0 
e 16 15 0 
t # 154# (1, 878, 8)
v 6 0
v 7 0
v 8 100
v 9 1
v 10 0
v 22 0
e 6 7 0 
e 7 6 0 
e 7 8 0 
e 8 7 0 
e 8 9 0 
e 9 8 0 
e 9 10 0 
e 9 22 0 
e 10 9 0 
e 22 9 0 
t # 155# (1, 886, 11)
v 6 0
v 7 1
v 8 0
v 9 0
v 10 0
v 11 100
e 6 7 0 
e 7 6 0 
e 7 8 0 
e 7 11 0 
e 8 7 0 
e 8 9 0 
e 9 8 0 
e 9 10 0 
e 10 9 0 
e 10 11 0 
e 11 7 0 
e 11 10 0 
t # 156# (1, 888, 6)
v 0 0
v 1 0
v 4 0
v 5 0
v 6 100
v 7 1
v 8 0
v 14 0
v 17 1
e 0 1 0 
e 0 6 0 
e 1 0 0 
e 4 5 0 
e 5 4 0 
e 5 6 0 
e 5 17 0 
e 6 0 0 
e 6 5 0 
e 6 7 0 
e 7 6 0 
e 7 8 0 
e 7 14 0 
e 8 7 0 
e 14 7 0 
e 17 5 0 
t # 157# (1, 893, 8)
v 6 0
v 7 1
v 8 100
v 9 1
v 10 0
v 16 0
v 18 0
e 6 7 0 
e 7 6 0 
e 7 8 0 
e 7 16 0 
e 8 7 0 
e 8 9 0 
e 8 18 0 
e 9 8 0 
e 9 10 0 
e 10 9 0 
e 16 7 0 
e 18 8 0 
t # 158# (1, 897, 11)
v 9 0
v 10 0
v 11 100
v 12 1
v 13 0
v 14 0
v 27 1
v 28 0
v 29 0
e 9 10 0 
e 10 9 0 
e 10 11 0 
e 11 10 0 
e 11 12 0 
e 11 28 0 
e 12 11 0 
e 12 13 0 
e 12 29 0 
e 13 12 0 
e 13 14 0 
e 14 13 0 
e 14 28 0 
e 27 28 0 
e 28 11 0 
e 28 14 0 
e 28 27 0 
e 29 12 0 
t # 159# (1, 905, 13)
v 11 1
v 12 0
v 13 100
v 14 1
v 15 0
v 17 0
v 18 0
v 19 0
e 11 12 0 
e 12 11 0 
e 12 13 0 
e 13 12 0 
e 13 14 0 
e 13 19 0 
e 14 13 0 
e 14 15 0 
e 14 17 0 
e 15 14 0 
e 17 14 0 
e 17 18 0 
e 18 17 0 
e 18 19 0 
e 19 13 0 
e 19 18 0 
t # 160# (1, 910, 8)
v 6 0
v 7 1
v 8 100
v 9 0
v 10 0
v 24 0
e 6 7 0 
e 7 6 0 
e 7 8 0 
e 7 24 0 
e 8 7 0 
e 8 9 0 
e 9 8 0 
e 9 10 0 
e 10 9 0 
e 24 7 0 
t # 161# (1, 913, 4)
v 2 0
v 3 0
v 4 100
v 5 1
v 6 0
v 18 0
e 2 3 0 
e 3 2 0 
e 3 4 0 
e 4 3 0 
e 4 5 0 
e 5 4 0 
e 5 6 0 
e 5 18 0 
e 6 5 0 
e 18 5 0 
t # 162# (1, 948, 3)
v 1 3
v 2 0
v 3 100
v 4 1
v 5 0
v 7 0
v 19 8
e 1 2 0 
e 2 1 0 
e 2 3 0 
e 2 7 0 
e 3 2 0 
e 3 4 0 
e 3 19 0 
e 4 3 0 
e 4 5 0 
e 5 4 0 
e 7 2 0 
e 19 3 0 
t # 163# (1, 949, 15)
v 4 0
v 7 0
v 14 1
v 15 100
v 16 0
v 17 0
e 4 14 0 
e 7 14 0 
e 14 4 0 
e 14 7 0 
e 14 15 0 
e 15 14 0 
e 15 16 0 
e 16 15 0 
e 16 17 0 
e 17 16 0 
t # 164# (1, 950, 1)
v 0 0
v 1 100
v 2 1
v 3 0
v 9 0
v 11 1
v 12 0
e 0 1 0 
e 1 0 0 
e 1 2 0 
e 1 11 0 
e 2 1 0 
e 2 3 0 
e 3 2 0 
e 9 11 0 
e 11 1 0 
e 11 9 0 
e 11 12 0 
e 12 11 0 
t # 165# (1, 956, 14)
v 2 0
v 3 1
v 4 0
v 14 100
v 15 0
e 2 3 0 
e 2 15 0 
e 3 2 0 
e 3 4 0 
e 3 14 0 
e 4 3 0 
e 14 3 0 
e 14 15 0 
e 15 2 0 
e 15 14 0 
t # 166# (1, 956, 15)
v 1 0
v 2 0
v 3 1
v 14 0
v 15 100
e 1 2 0 
e 2 1 0 
e 2 3 0 
e 2 15 0 
e 3 2 0 
e 3 14 0 
e 14 3 0 
e 14 15 0 
e 15 2 0 
e 15 14 0 
t # 167# (1, 963, 16)
v 14 1
v 15 0
v 16 100
v 17 0
v 18 1
v 27 0
e 14 15 0 
e 15 14 0 
e 15 16 0 
e 15 27 0 
e 16 15 0 
e 16 17 0 
e 17 16 0 
e 17 18 0 
e 18 17 0 
e 27 15 0 
t # 168# (1, 963, 27)
v 14 1
v 15 0
v 16 0
v 18 1
v 26 0
v 27 100
e 14 15 0 
e 15 14 0 
e 15 16 0 
e 15 27 0 
e 16 15 0 
e 18 26 0 
e 26 18 0 
e 26 27 0 
e 27 15 0 
e 27 26 0 
t # 169# (1, 974, 18)
v 9 0
v 10 1
v 11 0
v 18 100
v 19 0
v 20 0
e 9 10 0 
e 10 9 0 
e 10 11 0 
e 10 18 0 
e 11 10 0 
e 18 10 0 
e 18 19 0 
e 19 18 0 
e 19 20 0 
e 20 19 0 
t # 170# (1, 977, 7)
v 1 0
v 5 0
v 6 1
v 7 100
v 8 0
v 9 0
e 1 6 0 
e 5 6 0 
e 6 1 0 
e 6 5 0 
e 6 7 0 
e 7 6 0 
e 7 8 0 
e 8 7 0 
e 8 9 0 
e 9 8 0 
t # 171# (1, 984, 21)
v 6 0
v 7 1
v 8 0
v 10 0
v 11 0
v 12 1
v 21 100
v 22 0
v 23 0
e 6 7 0 
e 7 6 0 
e 7 8 0 
e 7 21 0 
e 8 7 0 
e 10 11 0 
e 11 10 0 
e 11 12 0 
e 11 21 0 
e 12 11 0 
e 21 7 0 
e 21 11 0 
e 21 22 0 
e 22 21 0 
e 22 23 0 
e 23 22 0 
t # 172# (1, 990, 5)
v 3 0
v 4 0
v 5 100
v 6 1
v 7 0
v 21 0
e 3 4 0 
e 4 3 0 
e 4 5 0 
e 5 4 0 
e 5 6 0 
e 6 5 0 
e 6 7 0 
e 6 21 0 
e 7 6 0 
e 21 6 0 
t # 173# (1, 994, 14)
v 12 0
v 13 1
v 14 100
v 15 0
v 16 0
v 23 0
e 12 13 0 
e 13 12 0 
e 13 14 0 
e 13 23 0 
e 14 13 0 
e 14 15 0 
e 15 14 0 
e 15 16 0 
e 16 15 0 
e 23 13 0 
t # 174# (1, 995, 23)
v 17 0
v 18 1
v 19 0
v 21 0
v 22 0
v 23 100
e 17 18 0 
e 18 17 0 
e 18 19 0 
e 18 23 0 
e 19 18 0 
e 21 22 0 
e 22 21 0 
e 22 23 0 
e 23 18 0 
e 23 22 0 
t # 175# (1, 1006, 18)
v 0 0
v 1 1
v 15 0
v 16 1
v 17 0
v 18 100
e 0 1 0 
e 0 15 0 
e 0 18 0 
e 1 0 0 
e 15 0 0 
e 15 16 0 
e 16 15 0 
e 16 17 0 
e 17 16 0 
e 17 18 0 
e 18 0 0 
e 18 17 0 
t # 176# (1, 1009, 11)
v 5 0
v 9 0
v 10 1
v 11 100
v 12 0
v 13 0
e 5 10 0 
e 9 10 0 
e 10 5 0 
e 10 9 0 
e 10 11 0 
e 11 10 0 
e 11 12 0 
e 12 11 0 
e 12 13 0 
e 13 12 0 
t # 177# (1, 1011, 16)
v 16 100
v 17 0
v 11 0
v 15 1
e 16 15 0 
e 16 17 0 
e 17 16 0 
e 11 15 0 
e 15 16 0 
e 15 11 0 
t # 178# (1, 1018, 15)
v 13 0
v 14 1
v 15 100
v 16 0
v 17 0
v 25 0
e 13 14 0 
e 14 13 0 
e 14 15 0 
e 14 25 0 
e 15 14 0 
e 15 16 0 
e 16 15 0 
e 16 17 0 
e 17 16 0 
e 25 14 0 
t # 179# (1, 1030, 11)
v 5 0
v 9 0
v 10 1
v 11 100
v 12 0
v 13 0
e 5 10 0 
e 9 10 0 
e 10 5 0 
e 10 9 0 
e 10 11 0 
e 11 10 0 
e 11 12 0 
e 12 11 0 
e 12 13 0 
e 13 12 0 
t # 180# (1, 1053, 15)
v 13 1
v 14 0
v 15 100
v 16 1
v 17 0
v 25 0
v 26 0
v 27 0
e 13 14 0 
e 14 13 0 
e 14 15 0 
e 15 14 0 
e 15 16 0 
e 15 27 0 
e 16 15 0 
e 16 17 0 
e 16 25 0 
e 17 16 0 
e 25 16 0 
e 25 26 0 
e 26 25 0 
e 26 27 0 
e 27 15 0 
e 27 26 0 
t # 181# (1, 1058, 13)
v 5 0
v 11 0
v 12 1
v 13 100
v 14 0
v 15 0
e 5 12 0 
e 11 12 0 
e 12 5 0 
e 12 11 0 
e 12 13 0 
e 13 12 0 
e 13 14 0 
e 14 13 0 
e 14 15 0 
e 15 14 0 
t # 182# (1, 1078, 15)
v 5 0
v 6 1
v 7 0
v 15 100
v 16 0
v 17 0
e 5 6 0 
e 6 5 0 
e 6 7 0 
e 6 15 0 
e 7 6 0 
e 15 6 0 
e 15 16 0 
e 16 15 0 
e 16 17 0 
e 17 16 0 
t # 183# (1, 1080, 15)
v 9 0
v 10 1
v 11 0
v 13 0
v 14 0
v 15 100
e 9 10 0 
e 10 9 0 
e 10 11 0 
e 10 15 0 
e 11 10 0 
e 13 14 0 
e 14 13 0 
e 14 15 0 
e 15 10 0 
e 15 14 0 
t # 184# (1, 1097, 10)
v 3 0
v 4 1
v 5 0
v 8 0
v 9 0
v 10 100
e 3 4 0 
e 4 3 0 
e 4 5 0 
e 4 10 0 
e 5 4 0 
e 8 9 0 
e 9 8 0 
e 9 10 0 
e 10 4 0 
e 10 9 0 
t # 185# (0, 1098, 12)
v 7 0
v 8 0
v 9 1
v 10 0
v 11 1
v 12 100
v 13 0
e 7 8 0 
e 8 7 0 
e 8 9 0 
e 8 12 0 
e 9 8 0 
e 9 10 0 
e 10 9 0 
e 10 11 0 
e 11 10 0 
e 11 12 0 
e 12 8 0 
e 12 11 0 
e 12 13 0 
e 13 12 0 
t # 186# (1, 1103, 1)
v 0 0
v 1 100
v 2 8
v 3 1
v 4 0
v 22 0
e 0 1 0 
e 0 22 0 
e 1 0 0 
e 1 2 0 
e 1 3 0 
e 2 1 0 
e 3 1 0 
e 3 4 0 
e 4 3 0 
e 22 0 0 
t # 187# (1, 1118, 16)
v 5 0
v 6 1
v 7 0
v 16 100
v 17 0
v 18 0
e 5 6 0 
e 6 5 0 
e 6 7 0 
e 6 16 0 
e 7 6 0 
e 16 6 0 
e 16 17 0 
e 17 16 0 
e 17 18 0 
e 18 17 0 
t # 188# (1, 1126, 15)
v 13 0
v 14 0
v 15 100
v 16 0
v 17 1
v 18 1
e 13 14 0 
e 13 17 0 
e 14 13 0 
e 14 15 0 
e 14 18 0 
e 15 14 0 
e 15 16 0 
e 16 15 0 
e 16 17 0 
e 17 13 0 
e 17 16 0 
e 18 14 0 
t # 189# (1, 1133, 19)
v 17 0
v 18 1
v 19 100
v 20 0
e 17 18 0 
e 18 17 0 
e 18 19 0 
e 19 18 0 
e 19 20 0 
e 20 19 0 
t # 190# (1, 1138, 12)
v 5 0
v 10 0
v 11 1
v 12 100
v 13 0
v 14 0
e 5 11 0 
e 10 11 0 
e 11 5 0 
e 11 10 0 
e 11 12 0 
e 12 11 0 
e 12 13 0 
e 13 12 0 
e 13 14 0 
e 14 13 0 
t # 191# (1, 1139, 0)
v 0 100
v 1 1
v 2 0
v 6 0
v 9 0
v 10 0
e 0 1 0 
e 0 9 0 
e 1 0 0 
e 1 2 0 
e 1 6 0 
e 2 1 0 
e 6 1 0 
e 9 0 0 
e 9 10 0 
e 10 9 0 
t # 192# (1, 1148, 27)
v 14 0
v 17 1
v 18 0
v 20 1
v 21 0
v 22 0
v 25 0
v 26 0
v 27 100
e 14 17 0 
e 17 14 0 
e 17 18 0 
e 17 27 0 
e 18 17 0 
e 18 20 0 
e 20 18 0 
e 20 21 0 
e 21 20 0 
e 21 22 0 
e 21 27 0 
e 22 21 0 
e 25 26 0 
e 26 25 0 
e 26 27 0 
e 27 17 0 
e 27 21 0 
e 27 26 0 
t # 193# (1, 1151, 19)
v 0 0
v 17 1
v 18 1
v 19 100
v 20 0
v 21 8
e 0 20 0 
e 17 18 0 
e 18 17 0 
e 18 19 0 
e 19 18 0 
e 19 20 0 
e 19 21 0 
e 20 0 0 
e 20 19 0 
e 21 19 0 
t # 194# (1, 1156, 13)
v 5 0
v 11 0
v 12 0
v 13 100
v 14 1
v 15 0
e 5 14 0 
e 11 12 0 
e 12 11 0 
e 12 13 0 
e 13 12 0 
e 13 14 0 
e 14 5 0 
e 14 13 0 
e 14 15 0 
e 15 14 0 
t # 195# (1, 1160, 10)
v 5 0
v 6 1
v 7 0
v 8 0
v 9 1
v 10 100
v 11 0
e 5 6 0 
e 6 5 0 
e 6 7 0 
e 6 10 0 
e 7 6 0 
e 7 8 0 
e 8 7 0 
e 8 9 0 
e 9 8 0 
e 9 10 0 
e 10 6 0 
e 10 9 0 
e 10 11 0 
e 11 10 0 
t # 196# (1, 1163, 14)
v 5 0
v 6 1
v 7 0
v 14 100
v 15 0
v 16 0
e 5 6 0 
e 6 5 0 
e 6 7 0 
e 6 14 0 
e 7 6 0 
e 14 6 0 
e 14 15 0 
e 15 14 0 
e 15 16 0 
e 16 15 0 
t # 197# (1, 1171, 15)
v 6 0
v 7 1
v 8 0
v 15 100
v 16 0
v 17 0
e 6 7 0 
e 7 6 0 
e 7 8 0 
e 7 15 0 
e 8 7 0 
e 15 7 0 
e 15 16 0 
e 16 15 0 
e 16 17 0 
e 17 16 0 
t # 198# (1, 1175, 11)
v 8 0
v 10 1
v 11 100
v 12 8
v 13 0
v 14 0
e 8 10 0 
e 10 8 0 
e 10 11 0 
e 11 10 0 
e 11 12 0 
e 11 13 0 
e 12 11 0 
e 13 11 0 
e 13 14 0 
e 14 13 0 
t # 199# (1, 1181, 15)
v 0 0
v 13 0
v 14 0
v 15 100
v 16 0
v 17 8
v 18 1
e 0 16 0 
e 13 14 0 
e 14 13 0 
e 14 15 0 
e 15 14 0 
e 15 16 0 
e 15 18 0 
e 16 0 0 
e 16 15 0 
e 16 17 0 
e 17 16 0 
e 18 15 0 
t # 200# (1, 1186, 7)
v 5 0
v 6 1
v 7 100
v 8 0
v 9 0
v 20 0
e 5 6 0 
e 6 5 0 
e 6 7 0 
e 6 20 0 
e 7 6 0 
e 7 8 0 
e 8 7 0 
e 8 9 0 
e 9 8 0 
e 20 6 0 
t # 201# (1, 1191, 3)
v 1 1
v 2 0
v 3 100
v 4 0
v 5 1
v 6 0
e 1 2 0 
e 2 1 0 
e 2 3 0 
e 2 6 0 
e 3 2 0 
e 3 4 0 
e 4 3 0 
e 4 5 0 
e 5 4 0 
e 5 6 0 
e 6 2 0 
e 6 5 0 
t # 202# (1, 1199, 18)
v 9 0
v 10 1
v 11 0
v 18 100
v 19 0
v 20 0
e 9 10 0 
e 10 9 0 
e 10 11 0 
e 10 18 0 
e 11 10 0 
e 18 10 0 
e 18 19 0 
e 19 18 0 
e 19 20 0 
e 20 19 0 
t # 203# (1, 1220, 16)
v 5 0
v 6 1
v 7 0
v 16 100
v 17 0
v 18 0
e 5 6 0 
e 6 5 0 
e 6 7 0 
e 6 16 0 
e 7 6 0 
e 16 6 0 
e 16 17 0 
e 17 16 0 
e 17 18 0 
e 18 17 0 
t # 204# (1, 1232, 1)
v 0 0
v 1 100
v 2 1
v 3 0
e 0 1 0 
e 1 0 0 
e 1 2 0 
e 2 1 0 
e 2 3 0 
e 3 2 0 
t # 205# (1, 1236, 3)
v 1 0
v 2 0
v 3 100
v 4 1
v 5 0
v 6 1
v 10 0
v 12 0
v 13 0
e 1 2 0 
e 2 1 0 
e 2 3 0 
e 2 6 0 
e 3 2 0 
e 3 4 0 
e 3 12 0 
e 4 3 0 
e 4 5 0 
e 4 10 0 
e 5 4 0 
e 5 6 0 
e 6 2 0 
e 6 5 0 
e 10 4 0 
e 12 3 0 
e 12 13 0 
e 13 12 0 
t # 206# (1, 1242, 26)
v 14 0
v 17 1
v 18 0
v 20 1
v 21 0
v 22 0
v 24 0
v 25 0
v 26 100
e 14 17 0 
e 17 14 0 
e 17 18 0 
e 17 26 0 
e 18 17 0 
e 18 20 0 
e 20 18 0 
e 20 21 0 
e 21 20 0 
e 21 22 0 
e 21 26 0 
e 22 21 0 
e 24 25 0 
e 25 24 0 
e 25 26 0 
e 26 17 0 
e 26 21 0 
e 26 25 0 
t # 207# (1, 1264, 11)
v 9 0
v 10 1
v 11 100
v 12 0
v 13 1
e 9 10 0 
e 10 9 0 
e 10 11 0 
e 10 13 0 
e 11 10 0 
e 11 12 0 
e 12 11 0 
e 13 10 0 
t # 208# (1, 1269, 15)
v 6 0
v 7 1
v 8 0
v 15 100
v 16 0
v 17 0
e 6 7 0 
e 7 6 0 
e 7 8 0 
e 7 15 0 
e 8 7 0 
e 15 7 0 
e 15 16 0 
e 16 15 0 
e 16 17 0 
e 17 16 0 
t # 209# (1, 1280, 20)
v 5 0
v 6 1
v 7 0
v 20 100
v 21 0
v 22 0
e 5 6 0 
e 6 5 0 
e 6 7 0 
e 6 20 0 
e 7 6 0 
e 20 6 0 
e 20 21 0 
e 21 20 0 
e 21 22 0 
e 22 21 0 
t # 210# (0, 1283, 1)
v 0 0
v 1 100
v 2 1
v 3 0
e 0 1 0 
e 1 0 0 
e 1 2 0 
e 2 1 0 
e 2 3 0 
e 3 2 0 
t # 211# (0, 1283, 4)
v 2 1
v 3 0
v 4 100
v 5 0
v 6 1
v 7 0
v 20 0
e 2 3 0 
e 3 2 0 
e 3 4 0 
e 3 20 0 
e 4 3 0 
e 4 5 0 
e 5 4 0 
e 5 6 0 
e 5 7 0 
e 6 5 0 
e 7 5 0 
e 20 3 0 
t # 212# (1, 1298, 13)
v 13 100
v 12 1
v 5 0
v 14 0
e 13 12 0 
e 13 14 0 
e 12 13 0 
e 12 5 0 
e 5 12 0 
e 14 13 0 
t # 213# (1, 1300, 5)
v 0 0
v 1 0
v 3 0
v 4 0
v 5 100
v 6 1
v 7 0
v 25 0
v 26 1
e 0 1 0 
e 0 5 0 
e 1 0 0 
e 3 4 0 
e 4 3 0 
e 4 5 0 
e 4 26 0 
e 5 0 0 
e 5 4 0 
e 5 6 0 
e 6 5 0 
e 6 7 0 
e 6 25 0 
e 7 6 0 
e 25 6 0 
e 25 26 0 
e 26 4 0 
e 26 25 0 
t # 214# (1, 1306, 9)
v 2 0
v 7 0
v 8 1
v 9 100
v 10 0
v 11 0
e 2 8 0 
e 7 8 0 
e 8 2 0 
e 8 7 0 
e 8 9 0 
e 9 8 0 
e 9 10 0 
e 10 9 0 
e 10 11 0 
e 11 10 0 
t # 215# (1, 1306, 10)
v 1 0
v 8 1
v 9 0
v 10 100
v 11 0
v 12 1
e 1 11 0 
e 8 9 0 
e 9 8 0 
e 9 10 0 
e 10 9 0 
e 10 11 0 
e 11 1 0 
e 11 10 0 
e 11 12 0 
e 12 11 0 
t # 216# (1, 1309, 5)
v 3 0
v 4 0
v 5 100
v 6 1
v 7 0
v 20 0
e 3 4 0 
e 4 3 0 
e 4 5 0 
e 5 4 0 
e 5 6 0 
e 6 5 0 
e 6 7 0 
e 6 20 0 
e 7 6 0 
e 20 6 0 
t # 217# (1, 1322, 28)
v 23 0
v 26 0
v 27 0
v 28 100
v 29 1
v 30 8
e 23 29 0 
e 26 27 0 
e 27 26 0 
e 27 28 0 
e 28 27 0 
e 28 29 0 
e 28 30 0 
e 29 23 0 
e 29 28 0 
e 30 28 0 
t # 218# (1, 1336, 22)
v 20 0
v 21 1
v 22 100
v 23 0
v 24 1
e 20 21 0 
e 21 20 0 
e 21 22 0 
e 21 24 0 
e 22 21 0 
e 22 23 0 
e 23 22 0 
e 24 21 0 
t # 219# (1, 1336, 28)
v 0 0
v 1 1
v 14 0
v 16 1
v 27 0
v 28 100
e 0 1 0 
e 0 14 0 
e 0 28 0 
e 1 0 0 
e 14 0 0 
e 16 27 0 
e 27 16 0 
e 27 28 0 
e 28 0 0 
e 28 27 0 
t # 220# (1, 1351, 5)
v 1 0
v 4 0
v 5 100
v 6 8
v 7 1
v 8 0
v 16 0
e 1 4 0 
e 4 1 0 
e 4 5 0 
e 4 16 0 
e 5 4 0 
e 5 6 0 
e 5 7 0 
e 6 5 0 
e 7 5 0 
e 7 8 0 
e 8 7 0 
e 16 4 0 
t # 221# (1, 1352, 5)
v 0 0
v 1 0
v 3 0
v 4 0
v 5 100
v 6 1
v 7 0
v 9 1
v 10 0
e 0 1 0 
e 0 5 0 
e 1 0 0 
e 3 4 0 
e 4 3 0 
e 4 5 0 
e 4 9 0 
e 5 0 0 
e 5 4 0 
e 5 6 0 
e 6 5 0 
e 6 7 0 
e 6 10 0 
e 7 6 0 
e 7 9 0 
e 9 4 0 
e 9 7 0 
e 10 6 0 
t # 222# (1, 1352, 10)
v 5 0
v 6 1
v 7 0
v 10 100
v 11 0
v 12 0
e 5 6 0 
e 6 5 0 
e 6 7 0 
e 6 10 0 
e 7 6 0 
e 10 6 0 
e 10 11 0 
e 11 10 0 
e 11 12 0 
e 12 11 0 
t # 223# (1, 1357, 16)
v 5 0
v 6 1
v 7 0
v 16 100
v 17 0
v 18 0
e 5 6 0 
e 6 5 0 
e 6 7 0 
e 6 16 0 
e 7 6 0 
e 16 6 0 
e 16 17 0 
e 17 16 0 
e 17 18 0 
e 18 17 0 
t # 224# (1, 1358, 14)
v 12 1
v 13 0
v 14 100
v 15 1
v 16 0
v 17 0
v 18 0
v 19 0
e 12 13 0 
e 13 12 0 
e 13 14 0 
e 14 13 0 
e 14 15 0 
e 14 18 0 
e 15 14 0 
e 15 16 0 
e 15 19 0 
e 16 15 0 
e 16 17 0 
e 17 16 0 
e 17 18 0 
e 18 14 0 
e 18 17 0 
e 19 15 0 
t # 225# (1, 1364, 18)
v 16 1
v 17 0
v 18 100
v 19 8
e 16 17 0 
e 17 16 0 
e 17 18 0 
e 18 17 0 
e 18 19 0 
e 19 18 0 
t # 226# (1, 1364, 21)
v 16 1
v 20 0
v 21 100
v 22 8
e 16 20 0 
e 20 16 0 
e 20 21 0 
e 21 20 0 
e 21 22 0 
e 22 21 0 
t # 227# (1, 1376, 14)
v 12 1
v 13 0
v 14 100
v 15 1
v 16 0
v 17 0
v 18 0
v 19 0
e 12 13 0 
e 13 12 0 
e 13 14 0 
e 14 13 0 
e 14 15 0 
e 14 18 0 
e 15 14 0 
e 15 16 0 
e 15 19 0 
e 16 15 0 
e 16 17 0 
e 17 16 0 
e 17 18 0 
e 18 14 0 
e 18 17 0 
e 19 15 0 
t # 228# (1, 1406, 11)
v 9 0
v 10 0
v 11 100
v 12 0
v 13 1
v 15 0
v 16 1
v 17 0
e 9 10 0 
e 10 9 0 
e 10 11 0 
e 11 10 0 
e 11 12 0 
e 11 16 0 
e 12 11 0 
e 12 13 0 
e 13 12 0 
e 15 16 0 
e 16 11 0 
e 16 15 0 
e 16 17 0 
e 17 16 0 
t # 229# (1, 1408, 10)
v 8 0
v 9 1
v 10 100
v 11 0
e 8 9 0 
e 9 8 0 
e 9 10 0 
e 10 9 0 
e 10 11 0 
e 11 10 0 
t # 230# (1, 1412, 16)
v 14 0
v 15 0
v 16 100
v 17 1
v 18 0
v 22 0
e 14 15 0 
e 15 14 0 
e 15 16 0 
e 16 15 0 
e 16 17 0 
e 17 16 0 
e 17 18 0 
e 17 22 0 
e 18 17 0 
e 22 17 0 
t # 231# (1, 1418, 8)
v 6 0
v 7 1
v 8 100
v 9 0
v 10 0
v 26 0
e 6 7 0 
e 7 6 0 
e 7 8 0 
e 7 26 0 
e 8 7 0 
e 8 9 0 
e 9 8 0 
e 9 10 0 
e 10 9 0 
e 26 7 0 
t # 232# (1, 1418, 20)
v 14 0
v 15 1
v 16 0
v 18 0
v 19 0
v 20 100
e 14 15 0 
e 15 14 0 
e 15 16 0 
e 15 20 0 
e 16 15 0 
e 18 19 0 
e 19 18 0 
e 19 20 0 
e 20 15 0 
e 20 19 0 
t # 233# (1, 1434, 15)
v 5 0
v 6 1
v 7 0
v 15 100
v 16 0
v 17 0
e 5 6 0 
e 6 5 0 
e 6 7 0 
e 6 15 0 
e 7 6 0 
e 15 6 0 
e 15 16 0 
e 16 15 0 
e 16 17 0 
e 17 16 0 
t # 234# (1, 1434, 16)
v 6 1
v 15 0
v 16 100
v 17 0
v 18 1
e 6 15 0 
e 15 6 0 
e 15 16 0 
e 16 15 0 
e 16 17 0 
e 17 16 0 
e 17 18 0 
e 18 17 0 
t # 235# (0, 1440, 10)
v 7 0
v 8 0
v 9 0
v 10 100
v 11 1
v 12 0
e 7 8 0 
e 7 11 0 
e 8 7 0 
e 8 9 0 
e 9 8 0 
e 9 10 0 
e 10 9 0 
e 10 11 0 
e 11 7 0 
e 11 10 0 
e 11 12 0 
e 12 11 0 
t # 236# (1, 1441, 12)
v 6 0
v 8 1
v 9 0
v 10 0
v 11 1
v 12 100
v 13 0
e 6 8 0 
e 8 6 0 
e 8 9 0 
e 8 12 0 
e 9 8 0 
e 9 10 0 
e 10 9 0 
e 10 11 0 
e 11 10 0 
e 11 12 0 
e 12 8 0 
e 12 11 0 
e 12 13 0 
e 13 12 0 
t # 237# (1, 1443, 10)
v 7 0
v 8 0
v 9 1
v 10 100
v 11 0
v 12 1
e 7 8 0 
e 8 7 0 
e 8 9 0 
e 8 10 0 
e 9 8 0 
e 10 8 0 
e 10 11 0 
e 11 10 0 
e 11 12 0 
e 12 11 0 
t # 238# (1, 1454, 1)
v 0 0
v 1 100
v 2 0
v 3 1
v 11 0
v 13 0
v 14 1
e 0 1 0 
e 1 0 0 
e 1 2 0 
e 1 14 0 
e 2 1 0 
e 2 3 0 
e 2 11 0 
e 3 2 0 
e 11 2 0 
e 13 14 0 
e 14 1 0 
e 14 13 0 
t # 239# (0, 1464, 45)
v 43 0
v 44 1
v 45 100
v 46 0
v 47 0
v 50 0
e 43 44 0 
e 44 43 0 
e 44 45 0 
e 44 50 0 
e 45 44 0 
e 45 46 0 
e 46 45 0 
e 46 47 0 
e 47 46 0 
e 50 44 0 
t # 240# (1, 1466, 14)
v 12 0
v 13 1
v 14 100
v 15 0
v 16 0
v 22 0
e 12 13 0 
e 13 12 0 
e 13 14 0 
e 13 22 0 
e 14 13 0 
e 14 15 0 
e 15 14 0 
e 15 16 0 
e 16 15 0 
e 22 13 0 
t # 241# (0, 1473, 20)
v 18 0
v 19 1
v 20 100
v 21 0
v 22 0
v 24 0
v 25 0
v 30 1
v 31 0
e 18 19 0 
e 18 31 0 
e 19 18 0 
e 19 20 0 
e 20 19 0 
e 20 21 0 
e 20 25 0 
e 20 30 0 
e 21 20 0 
e 21 22 0 
e 22 21 0 
e 24 25 0 
e 25 20 0 
e 25 24 0 
e 30 20 0 
e 30 31 0 
e 31 18 0 
e 31 30 0 
t # 242# (0, 1476, 9)
v 7 1
v 8 0
v 9 100
v 10 0
v 11 1
v 12 0
v 27 0
e 7 8 0 
e 8 7 0 
e 8 9 0 
e 8 27 0 
e 9 8 0 
e 9 10 0 
e 10 9 0 
e 10 11 0 
e 10 12 0 
e 11 10 0 
e 12 10 0 
e 27 8 0 
t # 243# (1, 1477, 10)
v 8 0
v 9 0
v 10 100
v 11 1
v 12 0
v 17 0
e 8 9 0 
e 9 8 0 
e 9 10 0 
e 10 9 0 
e 10 11 0 
e 11 10 0 
e 11 12 0 
e 11 17 0 
e 12 11 0 
e 17 11 0 
t # 244# (1, 1501, 17)
v 8 0
v 9 1
v 10 0
v 17 100
v 18 0
v 19 0
e 8 9 0 
e 9 8 0 
e 9 10 0 
e 9 17 0 
e 10 9 0 
e 17 9 0 
e 17 18 0 
e 18 17 0 
e 18 19 0 
e 19 18 0 
t # 245# (1, 1503, 5)
v 3 0
v 4 0
v 5 100
v 6 1
v 7 0
v 19 0
e 3 4 0 
e 4 3 0 
e 4 5 0 
e 5 4 0 
e 5 6 0 
e 6 5 0 
e 6 7 0 
e 6 19 0 
e 7 6 0 
e 19 6 0 
t # 246# (1, 1504, 3)
v 1 0
v 2 0
v 3 100
v 4 0
v 5 0
v 12 1
v 13 1
e 1 2 0 
e 2 1 0 
e 2 3 0 
e 2 13 0 
e 3 2 0 
e 3 4 0 
e 4 3 0 
e 4 5 0 
e 4 12 0 
e 5 4 0 
e 12 4 0 
e 13 2 0 
t # 247# (1, 1523, 7)
v 5 0
v 6 1
v 7 100
v 8 0
v 9 0
v 19 0
e 5 6 0 
e 6 5 0 
e 6 7 0 
e 6 19 0 
e 7 6 0 
e 7 8 0 
e 8 7 0 
e 8 9 0 
e 9 8 0 
e 19 6 0 
t # 248# (1, 1526, 5)
v 3 0
v 4 1
v 5 100
v 6 0
e 3 4 0 
e 4 3 0 
e 4 5 0 
e 5 4 0 
e 5 6 0 
e 6 5 0 
t # 249# (0, 1561, 3)
v 0 0
v 1 0
v 2 8
v 3 100
v 4 0
v 5 0
v 7 0
v 8 1
v 9 0
e 0 1 0 
e 1 0 0 
e 1 2 0 
e 1 3 0 
e 2 1 0 
e 3 1 0 
e 3 4 0 
e 3 8 0 
e 4 3 0 
e 4 5 0 
e 4 7 0 
e 5 4 0 
e 7 4 0 
e 8 3 0 
e 8 9 0 
e 9 8 0 
t # 250# (1, 1573, 6)
v 0 1
v 4 0
v 5 0
v 6 100
v 7 0
v 8 1
e 0 4 0 
e 4 0 0 
e 4 5 0 
e 4 6 0 
e 5 4 0 
e 6 4 0 
e 6 7 0 
e 7 6 0 
e 7 8 0 
e 8 7 0 
t # 251# (1, 1574, 17)
v 5 0
v 14 0
v 16 1
v 17 100
v 18 0
v 19 0
e 5 16 0 
e 14 16 0 
e 16 5 0 
e 16 14 0 
e 16 17 0 
e 17 16 0 
e 17 18 0 
e 18 17 0 
e 18 19 0 
e 19 18 0 
t # 252# (0, 1596, 14)
v 9 0
v 11 0
v 13 0
v 14 100
v 15 1
v 16 0
e 9 15 0 
e 11 13 0 
e 13 11 0 
e 13 14 0 
e 14 13 0 
e 14 15 0 
e 15 9 0 
e 15 14 0 
e 15 16 0 
e 16 15 0 
t # 253# (0, 1596, 36)
v 33 0
v 34 0
v 35 0
v 36 100
v 37 1
v 38 0
e 33 34 0 
e 33 37 0 
e 34 33 0 
e 34 35 0 
e 35 34 0 
e 35 36 0 
e 36 35 0 
e 36 37 0 
e 37 33 0 
e 37 36 0 
e 37 38 0 
e 38 37 0 
t # 254# (1, 1609, 18)
v 3 0
v 5 1
v 17 0
v 18 100
v 19 0
v 20 1
e 3 19 0 
e 5 17 0 
e 17 5 0 
e 17 18 0 
e 18 17 0 
e 18 19 0 
e 19 3 0 
e 19 18 0 
e 19 20 0 
e 20 19 0 
t # 255# (1, 1609, 27)
v 24 0
v 25 0
v 26 8
v 27 100
v 28 1
v 29 0
v 30 0
e 24 25 0 
e 25 24 0 
e 25 26 0 
e 25 27 0 
e 26 25 0 
e 27 25 0 
e 27 28 0 
e 27 29 0 
e 28 27 0 
e 29 27 0 
e 29 30 0 
e 30 29 0 
t # 256# (1, 1611, 6)
v 0 1
v 4 0
v 5 0
v 6 100
v 7 0
v 8 1
e 0 4 0 
e 4 0 0 
e 4 5 0 
e 4 6 0 
e 5 4 0 
e 6 4 0 
e 6 7 0 
e 7 6 0 
e 7 8 0 
e 8 7 0 
t # 257# (1, 1623, 16)
v 6 0
v 7 1
v 8 0
v 16 100
v 17 0
v 18 0
e 6 7 0 
e 7 6 0 
e 7 8 0 
e 7 16 0 
e 8 7 0 
e 16 7 0 
e 16 17 0 
e 17 16 0 
e 17 18 0 
e 18 17 0 
t # 258# (1, 1631, 12)
v 10 1
v 11 0
v 12 100
v 13 1
v 14 0
v 15 0
v 16 0
v 17 0
e 10 11 0 
e 11 10 0 
e 11 12 0 
e 12 11 0 
e 12 13 0 
e 12 16 0 
e 13 12 0 
e 13 14 0 
e 13 17 0 
e 14 13 0 
e 14 15 0 
e 15 14 0 
e 15 16 0 
e 16 12 0 
e 16 15 0 
e 17 13 0 
t # 259# (1, 1633, 4)
v 2 0
v 3 0
v 4 100
v 5 1
v 6 0
v 25 0
v 27 1
v 28 0
v 29 0
e 2 3 0 
e 3 2 0 
e 3 4 0 
e 4 3 0 
e 4 5 0 
e 4 28 0 
e 5 4 0 
e 5 6 0 
e 5 25 0 
e 6 5 0 
e 25 5 0 
e 25 27 0 
e 27 25 0 
e 27 28 0 
e 28 4 0 
e 28 27 0 
e 28 29 0 
e 29 28 0 
t # 260# (1, 1633, 12)
v 10 0
v 11 0
v 12 100
v 13 1
v 14 0
v 22 0
e 10 11 0 
e 11 10 0 
e 11 12 0 
e 12 11 0 
e 12 13 0 
e 13 12 0 
e 13 14 0 
e 13 22 0 
e 14 13 0 
e 22 13 0 
t # 261# (1, 1633, 22)
v 12 0
v 13 1
v 14 0
v 16 1
v 17 0
v 18 0
v 20 0
v 21 0
v 22 100
e 12 13 0 
e 13 12 0 
e 13 14 0 
e 13 22 0 
e 14 13 0 
e 14 16 0 
e 16 14 0 
e 16 17 0 
e 17 16 0 
e 17 18 0 
e 17 22 0 
e 18 17 0 
e 20 21 0 
e 21 20 0 
e 21 22 0 
e 22 13 0 
e 22 17 0 
e 22 21 0 
t # 262# (1, 1636, 14)
v 10 1
v 12 0
v 13 0
v 14 100
v 15 0
v 16 1
e 10 15 0 
e 12 13 0 
e 13 12 0 
e 13 14 0 
e 13 16 0 
e 14 13 0 
e 14 15 0 
e 15 10 0 
e 15 14 0 
e 16 13 0 
t # 263# (1, 1636, 15)
v 9 0
v 10 1
v 11 0
v 13 0
v 14 0
v 15 100
e 9 10 0 
e 10 9 0 
e 10 11 0 
e 10 15 0 
e 11 10 0 
e 13 14 0 
e 14 13 0 
e 14 15 0 
e 15 10 0 
e 15 14 0 
t # -1