# 28,# 28 8 target:0 c+:15 c-:20 score:105.72330689809971 score+:68.594927931668 score-:428.05417138520704 nb:4 =l_1c_12 l_1c_13 l_1c_17 l_1c_10 
t # 0# (0, 80, 20)
v 0 0
v 1 1
v 2 0
v 14 0
v 18 0
v 19 0
v 20 103
v 21 2
v 22 2
e 0 1 0 
e 1 0 0 
e 1 2 0 
e 1 20 0 
e 2 1 0 
e 14 19 0 
e 18 19 0 
e 19 14 0 
e 19 18 0 
e 19 20 0 
e 20 1 0 
e 20 19 0 
e 20 21 0 
e 20 22 0 
e 21 20 0 
e 22 20 0 
t # 1# (0, 141, 5)
v 3 0
v 4 0
v 5 103
v 6 0
v 7 0
v 8 1
v 14 3
e 3 4 0 
e 4 3 0 
e 4 5 0 
e 4 8 0 
e 5 4 0 
e 5 6 0 
e 6 5 0 
e 6 7 0 
e 6 14 0 
e 7 6 0 
e 7 8 0 
e 8 4 0 
e 8 7 0 
e 14 6 0 
t # 2# (0, 204, 20)
v 7 0
v 8 0
v 9 1
v 13 0
v 19 0
v 20 103
v 21 2
e 7 8 0 
e 8 7 0 
e 8 9 0 
e 8 20 0 
e 9 8 0 
e 13 19 0 
e 19 13 0 
e 19 20 0 
e 20 8 0 
e 20 19 0 
e 20 21 0 
e 21 20 0 
t # 3# (0, 260, 4)
v 2 0
v 3 3
v 4 100
v 5 3
v 6 0
v 28 1
v 29 1
e 2 3 0 
e 2 29 0 
e 3 2 0 
e 3 4 0 
e 4 3 0 
e 4 5 0 
e 4 28 0 
e 5 4 0 
e 5 6 0 
e 6 5 0 
e 28 4 0 
e 28 29 0 
e 29 2 0 
e 29 28 0 
t # 4# (0, 311, 12)
v 10 0
v 11 1
v 12 103
v 13 0
v 14 2
v 15 2
e 10 11 0 
e 11 10 0 
e 11 12 0 
e 12 11 0 
e 12 13 0 
e 12 14 0 
e 12 15 0 
e 13 12 0 
e 14 12 0 
e 15 12 0 
t # 5# (0, 311, 13)
v 11 1
v 12 3
v 13 100
v 14 2
v 15 2
e 11 12 0 
e 12 11 0 
e 12 13 0 
e 12 14 0 
e 12 15 0 
e 13 12 0 
e 14 12 0 
e 15 12 0 
t # 6# (1, 357, 10)
v 38 0
v 8 0
v 9 0
v 10 103
v 11 3
v 12 0
e 38 9 0 
e 8 9 0 
e 9 38 0 
e 9 8 0 
e 9 10 0 
e 10 9 0 
e 10 11 0 
e 11 10 0 
e 11 12 0 
e 12 11 0 
t # 7# (1, 357, 11)
v 9 0
v 10 3
v 11 103
v 12 0
v 13 0
v 27 0
e 9 10 0 
e 10 9 0 
e 10 11 0 
e 11 10 0 
e 11 12 0 
e 12 11 0 
e 12 13 0 
e 12 27 0 
e 13 12 0 
e 27 12 0 
t # 8# (0, 370, 3)
v 1 0
v 2 3
v 3 100
v 4 3
v 5 0
v 29 1
v 30 1
e 1 2 0 
e 1 30 0 
e 2 1 0 
e 2 3 0 
e 3 2 0 
e 3 4 0 
e 3 29 0 
e 4 3 0 
e 4 5 0 
e 5 4 0 
e 29 3 0 
e 29 30 0 
e 30 1 0 
e 30 29 0 
t # 9# (0, 382, 21)
v 19 0
v 20 3
v 21 100
v 22 3
v 23 0
v 28 0
v 30 1
e 19 20 0 
e 20 19 0 
e 20 21 0 
e 21 20 0 
e 21 22 0 
e 21 30 0 
e 22 21 0 
e 22 23 0 
e 23 22 0 
e 23 28 0 
e 28 23 0 
e 28 30 0 
e 30 21 0 
e 30 28 0 
t # 10# (0, 399, 20)
v 0 0
v 1 1
v 2 0
v 14 0
v 18 0
v 19 0
v 20 103
v 21 2
v 22 2
e 0 1 0 
e 1 0 0 
e 1 2 0 
e 1 20 0 
e 2 1 0 
e 14 19 0 
e 18 19 0 
e 19 14 0 
e 19 18 0 
e 19 20 0 
e 20 1 0 
e 20 19 0 
e 20 21 0 
e 20 22 0 
e 21 20 0 
e 22 20 0 
t # 11# (1, 427, 4)
v 2 0
v 3 1
v 4 110
v 5 10
e 2 3 0 
e 3 2 0 
e 3 4 0 
e 3 5 0 
e 4 3 0 
e 5 3 0 
t # 12# (1, 427, 5)
v 2 0
v 3 1
v 4 10
v 5 110
e 2 3 0 
e 3 2 0 
e 3 4 0 
e 3 5 0 
e 4 3 0 
e 5 3 0 
t # 13# (0, 434, 6)
v 3 1
v 4 0
v 5 2
v 6 100
v 7 3
v 8 0
v 9 3
e 3 4 0 
e 4 3 0 
e 4 5 0 
e 4 6 0 
e 5 4 0 
e 6 4 0 
e 6 7 0 
e 6 9 0 
e 7 6 0 
e 7 8 0 
e 8 7 0 
e 8 9 0 
e 9 6 0 
e 9 8 0 
t # 14# (0, 434, 7)
v 4 0
v 6 0
v 7 103
v 8 0
v 9 3
v 10 0
e 4 6 0 
e 6 4 0 
e 6 7 0 
e 6 9 0 
e 7 6 0 
e 7 8 0 
e 8 7 0 
e 8 9 0 
e 8 10 0 
e 9 6 0 
e 9 8 0 
e 10 8 0 
t # 15# (0, 434, 9)
v 4 0
v 6 0
v 7 3
v 8 0
v 9 103
v 10 0
e 4 6 0 
e 6 4 0 
e 6 7 0 
e 6 9 0 
e 7 6 0 
e 7 8 0 
e 8 7 0 
e 8 9 0 
e 8 10 0 
e 9 6 0 
e 9 8 0 
e 10 8 0 
t # 16# (0, 506, 32)
v 32 100
v 33 3
v 34 0
v 36 1
v 37 1
v 30 0
v 31 3
e 32 31 0 
e 32 33 0 
e 32 37 0 
e 33 32 0 
e 33 34 0 
e 34 33 0 
e 34 36 0 
e 36 34 0 
e 36 37 0 
e 37 32 0 
e 37 36 0 
e 30 31 0 
e 31 32 0 
e 31 30 0 
t # 17# (1, 565, 7)
v 1 0
v 5 0
v 6 0
v 7 103
v 8 2
v 9 2
v 10 1
v 11 0
v 13 0
e 1 6 0 
e 5 6 0 
e 5 11 0 
e 6 1 0 
e 6 5 0 
e 6 7 0 
e 7 6 0 
e 7 8 0 
e 7 9 0 
e 7 10 0 
e 8 7 0 
e 9 7 0 
e 10 7 0 
e 10 11 0 
e 10 13 0 
e 11 5 0 
e 11 10 0 
e 13 10 0 
t # 18# (1, 570, 3)
v 1 0
v 2 0
v 3 103
v 4 0
v 5 0
v 7 1
v 10 2
v 11 2
e 1 2 0 
e 2 1 0 
e 2 3 0 
e 2 7 0 
e 3 2 0 
e 3 4 0 
e 3 10 0 
e 3 11 0 
e 4 3 0 
e 4 5 0 
e 5 4 0 
e 7 2 0 
e 10 3 0 
e 11 3 0 
t # 19# (1, 580, 10)
v 8 0
v 9 0
v 10 103
v 11 1
v 12 0
v 15 2
v 16 2
e 8 9 0 
e 9 8 0 
e 9 10 0 
e 10 9 0 
e 10 11 0 
e 10 15 0 
e 10 16 0 
e 11 10 0 
e 11 12 0 
e 12 11 0 
e 15 10 0 
e 16 10 0 
t # 20# (0, 678, 3)
v 1 0
v 2 3
v 3 100
v 4 3
v 5 0
v 30 1
v 31 1
e 1 2 0 
e 1 31 0 
e 2 1 0 
e 2 3 0 
e 3 2 0 
e 3 4 0 
e 3 30 0 
e 4 3 0 
e 4 5 0 
e 5 4 0 
e 30 3 0 
e 30 31 0 
e 31 1 0 
e 31 30 0 
t # 21# (1, 733, 6)
v 0 0
v 4 0
v 5 0
v 6 103
v 7 1
v 8 0
v 13 0
v 16 2
v 17 2
e 0 5 0 
e 4 5 0 
e 5 0 0 
e 5 4 0 
e 5 6 0 
e 6 5 0 
e 6 7 0 
e 6 16 0 
e 6 17 0 
e 7 6 0 
e 7 8 0 
e 7 13 0 
e 8 7 0 
e 13 7 0 
e 16 6 0 
e 17 6 0 
t # 22# (1, 743, 7)
v 5 0
v 6 0
v 7 103
v 8 0
v 9 0
v 11 1
v 14 2
v 15 2
e 5 6 0 
e 6 5 0 
e 6 7 0 
e 6 11 0 
e 7 6 0 
e 7 8 0 
e 7 14 0 
e 7 15 0 
e 8 7 0 
e 8 9 0 
e 9 8 0 
e 11 6 0 
e 14 7 0 
e 15 7 0 
t # 23# (1, 775, 10)
v 8 0
v 9 0
v 10 103
v 11 3
v 12 0
v 18 0
e 8 9 0 
e 9 8 0 
e 9 10 0 
e 9 18 0 
e 10 9 0 
e 10 11 0 
e 11 10 0 
e 11 12 0 
e 12 11 0 
e 18 9 0 
t # 24# (1, 775, 11)
v 9 0
v 10 3
v 11 103
v 12 0
v 13 0
e 9 10 0 
e 10 9 0 
e 10 11 0 
e 11 10 0 
e 11 12 0 
e 12 11 0 
e 12 13 0 
e 13 12 0 
t # 25# (0, 823, 13)
v 0 0
v 1 1
v 2 0
v 6 0
v 11 0
v 12 0
v 13 103
v 14 2
v 15 2
e 0 1 0 
e 1 0 0 
e 1 2 0 
e 1 13 0 
e 2 1 0 
e 6 12 0 
e 11 12 0 
e 12 6 0 
e 12 11 0 
e 12 13 0 
e 13 1 0 
e 13 12 0 
e 13 14 0 
e 13 15 0 
e 14 13 0 
e 15 13 0 
t # 26# (1, 855, 7)
v 2 0
v 3 1
v 4 0
v 7 103
v 8 2
v 9 2
v 10 0
v 11 0
v 15 0
e 2 3 0 
e 3 2 0 
e 3 4 0 
e 3 7 0 
e 4 3 0 
e 7 3 0 
e 7 8 0 
e 7 9 0 
e 7 10 0 
e 8 7 0 
e 9 7 0 
e 10 7 0 
e 10 11 0 
e 10 15 0 
e 11 10 0 
e 15 10 0 
t # 27# (1, 909, 7)
v 5 0
v 6 0
v 7 103
e 5 6 0 
e 6 5 0 
e 6 7 0 
e 7 6 0 
t # 28# (1, 912, 7)
v 5 0
v 6 1
v 7 103
v 8 0
v 9 0
v 11 0
v 12 2
v 13 2
e 5 6 0 
e 6 5 0 
e 6 7 0 
e 6 11 0 
e 7 6 0 
e 7 8 0 
e 7 12 0 
e 7 13 0 
e 8 7 0 
e 8 9 0 
e 9 8 0 
e 11 6 0 
e 12 7 0 
e 13 7 0 
t # 29# (0, 968, 0)
v 0 103
v 1 0
v 2 1
v 3 0
v 4 0
v 5 0
v 13 2
v 15 0
e 0 1 0 
e 0 4 0 
e 1 0 0 
e 1 2 0 
e 1 15 0 
e 2 1 0 
e 2 3 0 
e 3 2 0 
e 3 4 0 
e 4 0 0 
e 4 3 0 
e 4 5 0 
e 4 13 0 
e 5 4 0 
e 13 4 0 
e 15 1 0 
t # 30# (0, 1038, 3)
v 32 1
v 1 0
v 2 3
v 3 100
v 4 3
v 5 0
v 31 1
e 32 1 0 
e 32 31 0 
e 1 32 0 
e 1 2 0 
e 2 1 0 
e 2 3 0 
e 3 2 0 
e 3 4 0 
e 3 31 0 
e 4 3 0 
e 4 5 0 
e 5 4 0 
e 31 32 0 
e 31 3 0 
t # 31# (0, 1146, 19)
v 15 0
v 16 1
v 17 0
v 19 103
v 20 0
v 21 2
v 22 2
e 15 16 0 
e 16 15 0 
e 16 17 0 
e 16 19 0 
e 17 16 0 
e 19 16 0 
e 19 20 0 
e 19 21 0 
e 19 22 0 
e 20 19 0 
e 21 19 0 
e 22 19 0 
t # 32# (0, 1146, 20)
v 16 1
v 19 3
v 20 100
v 21 2
v 22 2
e 16 19 0 
e 19 16 0 
e 19 20 0 
e 19 21 0 
e 19 22 0 
e 20 19 0 
e 21 19 0 
e 22 19 0 
t # 33# (0, 1188, 25)
v 23 0
v 24 1
v 25 103
v 26 0
v 27 2
v 28 2
e 23 24 0 
e 24 23 0 
e 24 25 0 
e 25 24 0 
e 25 26 0 
e 25 27 0 
e 25 28 0 
e 26 25 0 
e 27 25 0 
e 28 25 0 
t # 34# (0, 1188, 26)
v 24 1
v 25 3
v 26 100
v 27 2
v 28 2
e 24 25 0 
e 25 24 0 
e 25 26 0 
e 25 27 0 
e 25 28 0 
e 26 25 0 
e 27 25 0 
e 28 25 0 
t # 35# (1, 1192, 11)
v 1 0
v 10 0
v 11 103
v 12 3
v 13 0
e 1 10 0 
e 10 1 0 
e 10 11 0 
e 11 10 0 
e 11 12 0 
e 12 11 0 
e 12 13 0 
e 13 12 0 
t # 36# (1, 1192, 12)
v 10 0
v 11 3
v 12 103
v 13 0
v 14 0
e 10 11 0 
e 11 10 0 
e 11 12 0 
e 12 11 0 
e 12 13 0 
e 13 12 0 
e 13 14 0 
e 14 13 0 
t # 37# (1, 1270, 10)
v 2 0
v 9 3
v 10 100
v 11 0
v 12 1
v 13 2
v 14 2
e 2 9 0 
e 9 2 0 
e 9 10 0 
e 9 14 0 
e 10 9 0 
e 10 11 0 
e 11 10 0 
e 11 12 0 
e 11 13 0 
e 12 11 0 
e 13 11 0 
e 14 9 0 
t # 38# (1, 1301, 11)
v 3 0
v 4 0
v 5 0
v 8 0
v 9 1
v 10 0
v 11 103
v 12 2
v 13 2
e 3 4 0 
e 4 3 0 
e 4 5 0 
e 4 11 0 
e 5 4 0 
e 8 9 0 
e 9 8 0 
e 9 10 0 
e 9 11 0 
e 10 9 0 
e 11 4 0 
e 11 9 0 
e 11 12 0 
e 11 13 0 
e 12 11 0 
e 13 11 0 
t # 39# (0, 1337, 19)
v 17 0
v 18 1
v 19 103
v 20 0
v 21 2
v 22 2
e 17 18 0 
e 18 17 0 
e 18 19 0 
e 19 18 0 
e 19 20 0 
e 19 21 0 
e 19 22 0 
e 20 19 0 
e 21 19 0 
e 22 19 0 
t # 40# (0, 1337, 20)
v 18 1
v 19 3
v 20 100
v 21 2
v 22 2
e 18 19 0 
e 19 18 0 
e 19 20 0 
e 19 21 0 
e 19 22 0 
e 20 19 0 
e 21 19 0 
e 22 19 0 
t # 41# (0, 1424, 27)
v 34 0
v 23 0
v 24 0
v 25 0
v 27 103
v 28 2
v 29 2
v 30 1
v 31 0
e 34 30 0 
e 23 24 0 
e 24 23 0 
e 24 25 0 
e 24 27 0 
e 25 24 0 
e 27 24 0 
e 27 28 0 
e 27 29 0 
e 27 30 0 
e 28 27 0 
e 29 27 0 
e 30 34 0 
e 30 27 0 
e 30 31 0 
e 31 30 0 
t # 42# (0, 1512, 19)
v 0 0
v 1 1
v 2 0
v 14 0
v 17 0
v 18 0
v 19 103
v 20 2
v 21 2
e 0 1 0 
e 1 0 0 
e 1 2 0 
e 1 19 0 
e 2 1 0 
e 14 18 0 
e 17 18 0 
e 18 14 0 
e 18 17 0 
e 18 19 0 
e 19 1 0 
e 19 18 0 
e 19 20 0 
e 19 21 0 
e 20 19 0 
e 21 19 0 
t # 43# (0, 1565, 18)
v 0 0
v 1 1
v 2 0
v 11 0
v 16 0
v 17 0
v 18 103
v 19 2
v 20 2
e 0 1 0 
e 1 0 0 
e 1 2 0 
e 1 18 0 
e 2 1 0 
e 11 17 0 
e 16 17 0 
e 17 11 0 
e 17 16 0 
e 17 18 0 
e 18 1 0 
e 18 17 0 
e 18 19 0 
e 18 20 0 
e 19 18 0 
e 20 18 0 
t # 44# (1, 1579, 23)
v 3 0
v 4 0
v 5 0
v 6 0
v 7 1
v 8 0
v 23 103
v 24 2
v 25 2
e 3 4 0 
e 4 3 0 
e 4 5 0 
e 4 23 0 
e 5 4 0 
e 5 6 0 
e 6 5 0 
e 6 7 0 
e 7 6 0 
e 7 8 0 
e 7 23 0 
e 8 7 0 
e 23 4 0 
e 23 7 0 
e 23 24 0 
e 23 25 0 
e 24 23 0 
e 25 23 0 
t # -1