# 27,# 27 7 target:0 c+:24 c-:21 score:113.4562358093442 score+:116.90464978540116 score-:434.58211005156494 nb:3 =l_1c_19 l_1c_12 l_1c_13 
t # 0# (1, 37, 6)
v 1 0
v 2 0
v 3 0
v 6 101
v 7 0
v 8 3
v 11 0
e 1 2 0 
e 2 1 0 
e 2 3 0 
e 2 6 0 
e 3 2 0 
e 6 2 0 
e 6 7 0 
e 7 6 0 
e 7 8 0 
e 7 11 0 
e 8 7 0 
e 11 7 0 
t # 1# (1, 39, 11)
v 4 0
v 5 0
v 6 0
v 9 0
v 10 0
v 11 101
v 12 3
e 4 5 0 
e 5 4 0 
e 5 6 0 
e 5 11 0 
e 6 5 0 
e 9 10 0 
e 10 9 0 
e 10 11 0 
e 10 12 0 
e 11 5 0 
e 11 10 0 
e 12 10 0 
t # 2# (0, 80, 0)
v 0 100
v 1 1
v 2 0
v 20 3
e 0 1 0 
e 1 0 0 
e 1 2 0 
e 1 20 0 
e 2 1 0 
e 20 1 0 
t # 3# (0, 155, 20)
v 18 3
v 19 0
v 20 100
v 21 1
v 22 1
v 23 1
e 18 19 0 
e 19 18 0 
e 19 20 0 
e 19 23 0 
e 20 19 0 
e 20 21 0 
e 21 20 0 
e 21 22 0 
e 22 21 0 
e 22 23 0 
e 23 19 0 
e 23 22 0 
t # 4# (0, 242, 22)
v 20 3
v 21 0
v 22 103
v 23 1
v 24 1
v 25 0
e 20 21 0 
e 21 20 0 
e 21 22 0 
e 21 25 0 
e 22 21 0 
e 22 23 0 
e 23 22 0 
e 23 24 0 
e 24 23 0 
e 24 25 0 
e 25 21 0 
e 25 24 0 
t # 5# (0, 242, 23)
v 21 0
v 22 3
v 23 101
v 24 1
v 25 0
e 21 22 0 
e 21 25 0 
e 22 21 0 
e 22 23 0 
e 23 22 0 
e 23 24 0 
e 24 23 0 
e 24 25 0 
e 25 21 0 
e 25 24 0 
t # 6# (1, 245, 4)
v 2 0
v 3 1
v 4 103
v 5 1
v 6 0
e 2 3 0 
e 2 6 0 
e 3 2 0 
e 3 4 0 
e 4 3 0 
e 4 5 0 
e 5 4 0 
e 5 6 0 
e 6 2 0 
e 6 5 0 
t # 7# (1, 245, 5)
v 2 0
v 3 1
v 4 3
v 5 101
v 6 0
v 7 0
e 2 3 0 
e 2 6 0 
e 3 2 0 
e 3 4 0 
e 4 3 0 
e 4 5 0 
e 5 4 0 
e 5 6 0 
e 6 2 0 
e 6 5 0 
e 6 7 0 
e 7 6 0 
t # 8# (1, 247, 0)
v 0 103
v 1 4
v 2 1
v 5 1
v 8 1
e 0 1 0 
e 1 0 0 
e 1 2 0 
e 1 5 0 
e 1 8 0 
e 2 1 0 
e 5 1 0 
e 8 1 0 
t # 9# (0, 260, 3)
v 1 0
v 2 0
v 3 103
v 4 0
v 5 3
v 28 1
v 29 1
e 1 2 0 
e 2 1 0 
e 2 3 0 
e 2 29 0 
e 3 2 0 
e 3 4 0 
e 4 3 0 
e 4 5 0 
e 4 28 0 
e 5 4 0 
e 28 4 0 
e 28 29 0 
e 29 2 0 
e 29 28 0 
t # 10# (0, 271, 8)
v 3 0
v 4 0
v 5 1
v 6 1
v 7 0
v 8 103
v 9 0
e 3 4 0 
e 4 3 0 
e 4 5 0 
e 4 8 0 
e 5 4 0 
e 5 6 0 
e 6 5 0 
e 6 7 0 
e 7 6 0 
e 7 8 0 
e 7 9 0 
e 8 4 0 
e 8 7 0 
e 9 7 0 
t # 11# (1, 309, 17)
v 14 0
v 16 1
v 17 103
v 18 1
v 19 0
v 21 0
v 23 2
v 24 2
e 14 16 0 
e 16 14 0 
e 16 17 0 
e 17 16 0 
e 17 18 0 
e 17 23 0 
e 17 24 0 
e 18 17 0 
e 18 19 0 
e 18 21 0 
e 19 18 0 
e 21 18 0 
e 23 17 0 
e 24 17 0 
t # 12# (0, 370, 2)
v 0 0
v 1 0
v 2 103
v 3 0
v 4 3
v 29 1
v 30 1
e 0 1 0 
e 1 0 0 
e 1 2 0 
e 1 30 0 
e 2 1 0 
e 2 3 0 
e 3 2 0 
e 3 4 0 
e 3 29 0 
e 4 3 0 
e 29 3 0 
e 29 30 0 
e 30 1 0 
e 30 29 0 
t # 13# (0, 382, 30)
v 20 3
v 21 0
v 22 3
v 23 0
v 28 0
v 29 0
v 30 101
e 20 21 0 
e 21 20 0 
e 21 22 0 
e 21 30 0 
e 22 21 0 
e 22 23 0 
e 23 22 0 
e 23 28 0 
e 28 23 0 
e 28 29 0 
e 28 30 0 
e 29 28 0 
e 30 21 0 
e 30 28 0 
t # 14# (0, 399, 0)
v 0 100
v 1 1
v 2 0
v 20 3
e 0 1 0 
e 1 0 0 
e 1 2 0 
e 1 20 0 
e 2 1 0 
e 20 1 0 
t # 15# (1, 427, 3)
v 1 0
v 2 0
v 3 101
v 4 10
v 5 10
v 6 0
e 1 2 0 
e 2 1 0 
e 2 3 0 
e 2 6 0 
e 3 2 0 
e 3 4 0 
e 3 5 0 
e 4 3 0 
e 5 3 0 
e 6 2 0 
t # 16# (1, 427, 4)
v 2 0
v 3 1
v 4 110
v 5 10
e 2 3 0 
e 3 2 0 
e 3 4 0 
e 3 5 0 
e 4 3 0 
e 5 3 0 
t # 17# (1, 427, 5)
v 2 0
v 3 1
v 4 10
v 5 110
e 2 3 0 
e 3 2 0 
e 3 4 0 
e 3 5 0 
e 4 3 0 
e 5 3 0 
t # 18# (1, 427, 10)
v 8 0
v 9 0
v 10 101
v 11 0
v 12 0
v 18 0
v 19 3
e 8 9 0 
e 9 8 0 
e 9 10 0 
e 9 19 0 
e 10 9 0 
e 10 11 0 
e 11 10 0 
e 11 12 0 
e 11 18 0 
e 12 11 0 
e 18 11 0 
e 18 19 0 
e 19 9 0 
e 19 18 0 
t # 19# (0, 506, 33)
v 32 0
v 33 103
v 34 0
v 35 0
v 36 1
v 37 1
v 31 3
e 32 31 0 
e 32 33 0 
e 32 37 0 
e 33 32 0 
e 33 34 0 
e 34 33 0 
e 34 35 0 
e 34 36 0 
e 35 34 0 
e 36 34 0 
e 36 37 0 
e 37 32 0 
e 37 36 0 
e 31 32 0 
t # 20# (0, 678, 2)
v 0 0
v 1 0
v 2 103
v 3 0
v 4 3
v 30 1
v 31 1
e 0 1 0 
e 1 0 0 
e 1 2 0 
e 1 31 0 
e 2 1 0 
e 2 3 0 
e 3 2 0 
e 3 4 0 
e 3 30 0 
e 4 3 0 
e 30 3 0 
e 30 31 0 
e 31 1 0 
e 31 30 0 
t # 21# (1, 679, 12)
v 10 1
v 11 0
v 12 101
v 13 3
v 14 0
v 15 0
e 10 11 0 
e 11 10 0 
e 11 12 0 
e 11 15 0 
e 12 11 0 
e 12 13 0 
e 13 12 0 
e 13 14 0 
e 14 13 0 
e 14 15 0 
e 15 11 0 
e 15 14 0 
t # 22# (1, 679, 13)
v 11 0
v 12 1
v 13 103
v 14 0
v 15 0
v 19 0
e 11 12 0 
e 11 15 0 
e 12 11 0 
e 12 13 0 
e 13 12 0 
e 13 14 0 
e 14 13 0 
e 14 15 0 
e 14 19 0 
e 15 11 0 
e 15 14 0 
e 19 14 0 
t # 23# (1, 682, 1)
v 0 0
v 1 101
v 2 0
v 3 0
v 9 0
v 10 3
e 0 1 0 
e 0 10 0 
e 1 0 0 
e 1 2 0 
e 2 1 0 
e 2 3 0 
e 2 9 0 
e 3 2 0 
e 3 10 0 
e 9 2 0 
e 10 0 0 
e 10 3 0 
t # 24# (1, 754, 9)
v 7 0
v 8 1
v 9 100
v 10 0
v 11 3
v 12 1
e 7 8 0 
e 8 7 0 
e 8 9 0 
e 9 8 0 
e 9 10 0 
e 10 9 0 
e 10 11 0 
e 10 12 0 
e 11 10 0 
e 12 10 0 
t # 25# (1, 754, 11)
v 9 0
v 10 0
v 11 103
v 12 1
e 9 10 0 
e 10 9 0 
e 10 11 0 
e 10 12 0 
e 11 10 0 
e 12 10 0 
t # 26# (0, 780, 24)
v 1 0
v 21 0
v 23 1
v 24 103
v 25 2
v 26 2
v 27 2
e 1 23 0 
e 21 23 0 
e 23 1 0 
e 23 21 0 
e 23 24 0 
e 24 23 0 
e 24 25 0 
e 24 26 0 
e 24 27 0 
e 25 24 0 
e 26 24 0 
e 27 24 0 
t # 27# (1, 814, 8)
v 8 100
v 6 3
v 7 1
e 8 7 0 
e 6 7 0 
e 7 8 0 
e 7 6 0 
t # 28# (1, 817, 15)
v 13 3
v 14 0
v 15 101
v 16 0
v 17 0
v 19 0
e 13 14 0 
e 14 13 0 
e 14 15 0 
e 14 19 0 
e 15 14 0 
e 15 16 0 
e 16 15 0 
e 16 17 0 
e 17 16 0 
e 19 14 0 
t # 29# (0, 823, 0)
v 0 100
v 1 1
v 2 0
v 13 3
e 0 1 0 
e 1 0 0 
e 1 2 0 
e 1 13 0 
e 2 1 0 
e 13 1 0 
t # 30# (1, 835, 2)
v 0 3
v 1 0
v 2 101
v 3 0
v 4 0
v 5 0
e 0 1 0 
e 0 4 0 
e 1 0 0 
e 1 2 0 
e 1 5 0 
e 2 1 0 
e 2 3 0 
e 3 2 0 
e 3 4 0 
e 4 0 0 
e 4 3 0 
e 5 1 0 
t # 31# (1, 845, 9)
v 5 3
v 6 0
v 7 1
v 9 103
v 10 1
v 11 2
v 12 2
e 5 6 0 
e 6 5 0 
e 6 7 0 
e 6 9 0 
e 7 6 0 
e 9 6 0 
e 9 10 0 
e 9 11 0 
e 9 12 0 
e 10 9 0 
e 11 9 0 
e 12 9 0 
t # 32# (0, 859, 7)
v 4 0
v 6 0
v 7 101
v 8 0
v 9 0
v 10 3
v 11 0
e 4 6 0 
e 6 4 0 
e 6 7 0 
e 6 10 0 
e 7 6 0 
e 7 8 0 
e 8 7 0 
e 8 9 0 
e 8 11 0 
e 9 8 0 
e 9 10 0 
e 10 6 0 
e 10 9 0 
e 11 8 0 
t # 33# (0, 992, 24)
v 21 0
v 22 3
v 23 0
v 24 101
v 25 0
v 26 0
e 21 22 0 
e 21 25 0 
e 22 21 0 
e 22 23 0 
e 23 22 0 
e 23 24 0 
e 24 23 0 
e 24 25 0 
e 25 21 0 
e 25 24 0 
e 25 26 0 
e 26 25 0 
t # 34# (0, 1038, 2)
v 0 0
v 1 0
v 2 103
v 3 0
v 32 1
v 4 3
v 31 1
e 0 1 0 
e 1 0 0 
e 1 2 0 
e 1 32 0 
e 2 1 0 
e 2 3 0 
e 3 2 0 
e 3 4 0 
e 3 31 0 
e 32 1 0 
e 32 31 0 
e 4 3 0 
e 31 3 0 
e 31 32 0 
t # 35# (0, 1146, 15)
v 13 1
v 14 0
v 15 100
v 16 1
v 17 0
v 19 3
e 13 14 0 
e 13 17 0 
e 14 13 0 
e 14 15 0 
e 15 14 0 
e 15 16 0 
e 16 15 0 
e 16 17 0 
e 16 19 0 
e 17 13 0 
e 17 16 0 
e 19 16 0 
t # 36# (0, 1146, 19)
v 15 0
v 16 1
v 17 0
v 19 103
v 20 0
v 21 2
v 22 2
e 15 16 0 
e 16 15 0 
e 16 17 0 
e 16 19 0 
e 17 16 0 
e 19 16 0 
e 19 20 0 
e 19 21 0 
e 19 22 0 
e 20 19 0 
e 21 19 0 
e 22 19 0 
t # 37# (1, 1164, 9)
v 7 0
v 8 1
v 9 100
v 10 0
v 11 3
v 12 1
e 7 8 0 
e 8 7 0 
e 8 9 0 
e 9 8 0 
e 9 10 0 
e 10 9 0 
e 10 11 0 
e 10 12 0 
e 11 10 0 
e 12 10 0 
t # 38# (1, 1164, 10)
v 8 1
v 9 0
v 10 100
v 11 3
v 12 1
v 13 0
v 18 0
e 8 9 0 
e 9 8 0 
e 9 10 0 
e 10 9 0 
e 10 11 0 
e 10 12 0 
e 11 10 0 
e 12 10 0 
e 12 13 0 
e 12 18 0 
e 13 12 0 
e 18 12 0 
t # 39# (1, 1164, 11)
v 9 0
v 10 0
v 11 103
v 12 1
e 9 10 0 
e 10 9 0 
e 10 11 0 
e 10 12 0 
e 11 10 0 
e 12 10 0 
t # 40# (1, 1226, 15)
v 12 0
v 14 1
v 15 103
v 16 1
v 17 2
v 18 2
e 12 14 0 
e 14 12 0 
e 14 15 0 
e 15 14 0 
e 15 16 0 
e 15 17 0 
e 15 18 0 
e 16 15 0 
e 17 15 0 
e 18 15 0 
t # 41# (1, 1263, 9)
v 8 0
v 9 101
v 10 3
v 4 0
e 8 4 0 
e 8 9 0 
e 8 10 0 
e 9 8 0 
e 10 8 0 
e 4 8 0 
t # 42# (1, 1263, 10)
v 8 0
v 9 1
v 10 103
v 4 0
e 8 4 0 
e 8 9 0 
e 8 10 0 
e 9 8 0 
e 10 8 0 
e 4 8 0 
t # 43# (1, 1301, 10)
v 8 0
v 9 1
v 10 100
v 11 3
e 8 9 0 
e 9 8 0 
e 9 10 0 
e 9 11 0 
e 10 9 0 
e 11 9 0 
t # 44# (0, 1350, 14)
v 9 0
v 10 0
v 11 0
v 12 3
v 13 0
v 14 101
v 15 0
e 9 10 0 
e 10 9 0 
e 10 11 0 
e 10 14 0 
e 11 10 0 
e 11 12 0 
e 12 11 0 
e 12 13 0 
e 13 12 0 
e 13 14 0 
e 13 15 0 
e 14 10 0 
e 14 13 0 
e 15 13 0 
t # 45# (0, 1350, 41)
v 38 0
v 39 3
v 40 0
v 41 101
v 42 0
e 38 39 0 
e 38 42 0 
e 39 38 0 
e 39 40 0 
e 40 39 0 
e 40 41 0 
e 41 40 0 
e 41 42 0 
e 42 38 0 
e 42 41 0 
t # 46# (1, 1409, 7)
v 4 0
v 5 0
v 6 0
v 7 101
v 8 3
v 9 1
e 4 5 0 
e 4 8 0 
e 5 4 0 
e 5 6 0 
e 6 5 0 
e 6 7 0 
e 6 9 0 
e 7 6 0 
e 7 8 0 
e 8 4 0 
e 8 7 0 
e 9 6 0 
t # 47# (1, 1409, 8)
v 3 0
v 4 0
v 5 0
v 6 0
v 7 1
v 8 103
e 3 4 0 
e 4 3 0 
e 4 5 0 
e 4 8 0 
e 5 4 0 
e 5 6 0 
e 6 5 0 
e 6 7 0 
e 7 6 0 
e 7 8 0 
e 8 4 0 
e 8 7 0 
t # 48# (1, 1412, 3)
v 1 0
v 2 0
v 3 101
v 4 3
v 5 0
v 9 1
e 1 2 0 
e 1 5 0 
e 2 1 0 
e 2 3 0 
e 2 9 0 
e 3 2 0 
e 3 4 0 
e 4 3 0 
e 4 5 0 
e 5 1 0 
e 5 4 0 
e 9 2 0 
t # 49# (1, 1412, 4)
v 1 0
v 2 0
v 3 1
v 4 103
v 5 0
v 6 0
e 1 2 0 
e 1 5 0 
e 2 1 0 
e 2 3 0 
e 3 2 0 
e 3 4 0 
e 4 3 0 
e 4 5 0 
e 5 1 0 
e 5 4 0 
e 5 6 0 
e 6 5 0 
t # 50# (1, 1425, 2)
v 0 0
v 1 3
v 2 100
v 3 1
v 4 3
v 5 1
v 6 0
v 7 0
e 0 1 0 
e 1 0 0 
e 1 2 0 
e 2 1 0 
e 2 3 0 
e 2 6 0 
e 3 2 0 
e 3 4 0 
e 4 3 0 
e 4 5 0 
e 5 4 0 
e 5 6 0 
e 6 2 0 
e 6 5 0 
e 6 7 0 
e 7 6 0 
t # 51# (1, 1425, 3)
v 1 3
v 2 0
v 3 101
v 4 3
v 5 1
v 6 0
e 1 2 0 
e 2 1 0 
e 2 3 0 
e 2 6 0 
e 3 2 0 
e 3 4 0 
e 4 3 0 
e 4 5 0 
e 5 4 0 
e 5 6 0 
e 6 2 0 
e 6 5 0 
t # 52# (1, 1425, 4)
v 2 0
v 3 1
v 4 103
v 5 1
v 6 0
e 2 3 0 
e 2 6 0 
e 3 2 0 
e 3 4 0 
e 4 3 0 
e 4 5 0 
e 5 4 0 
e 5 6 0 
e 6 2 0 
e 6 5 0 
t # 53# (1, 1425, 5)
v 2 0
v 3 1
v 4 3
v 5 101
v 6 0
v 7 0
e 2 3 0 
e 2 6 0 
e 3 2 0 
e 3 4 0 
e 4 3 0 
e 4 5 0 
e 5 4 0 
e 5 6 0 
e 6 2 0 
e 6 5 0 
e 6 7 0 
e 7 6 0 
t # 54# (1, 1425, 6)
v 1 3
v 2 0
v 3 1
v 4 3
v 5 1
v 6 100
v 7 0
v 8 0
v 12 0
e 1 2 0 
e 2 1 0 
e 2 3 0 
e 2 6 0 
e 3 2 0 
e 3 4 0 
e 4 3 0 
e 4 5 0 
e 5 4 0 
e 5 6 0 
e 6 2 0 
e 6 5 0 
e 6 7 0 
e 7 6 0 
e 7 8 0 
e 7 12 0 
e 8 7 0 
e 12 7 0 
t # 55# (1, 1449, 2)
v 0 1
v 1 0
v 2 101
v 3 0
v 4 3
v 5 0
v 10 1
e 0 1 0 
e 1 0 0 
e 1 2 0 
e 1 10 0 
e 2 1 0 
e 2 3 0 
e 3 2 0 
e 3 4 0 
e 3 5 0 
e 4 3 0 
e 5 3 0 
e 10 1 0 
t # 56# (1, 1449, 3)
v 1 0
v 2 1
v 3 100
v 4 3
v 5 0
v 6 1
v 9 0
e 1 2 0 
e 2 1 0 
e 2 3 0 
e 3 2 0 
e 3 4 0 
e 3 5 0 
e 4 3 0 
e 5 3 0 
e 5 6 0 
e 5 9 0 
e 6 5 0 
e 9 5 0 
t # 57# (1, 1449, 4)
v 2 1
v 3 0
v 4 103
v 5 0
e 2 3 0 
e 3 2 0 
e 3 4 0 
e 3 5 0 
e 4 3 0 
e 5 3 0 
t # 58# (1, 1449, 5)
v 2 1
v 3 0
v 4 3
v 5 100
v 6 1
v 7 0
v 8 1
v 9 0
v 10 1
e 2 3 0 
e 3 2 0 
e 3 4 0 
e 3 5 0 
e 4 3 0 
e 5 3 0 
e 5 6 0 
e 5 9 0 
e 6 5 0 
e 6 7 0 
e 7 6 0 
e 7 8 0 
e 8 7 0 
e 8 9 0 
e 9 5 0 
e 9 8 0 
e 9 10 0 
e 10 9 0 
t # 59# (1, 1483, 0)
v 0 101
v 1 0
v 2 3
v 3 0
v 4 0
v 5 0
e 0 1 0 
e 0 4 0 
e 1 0 0 
e 1 2 0 
e 1 5 0 
e 2 1 0 
e 2 3 0 
e 3 2 0 
e 3 4 0 
e 4 0 0 
e 4 3 0 
e 5 1 0 
t # 60# (0, 1492, 26)
v 5 0
v 23 0
v 25 1
v 26 103
v 27 2
v 28 2
v 29 2
e 5 25 0 
e 23 25 0 
e 25 5 0 
e 25 23 0 
e 25 26 0 
e 26 25 0 
e 26 27 0 
e 26 28 0 
e 26 29 0 
e 27 26 0 
e 28 26 0 
e 29 26 0 
t # 61# (1, 1495, 0)
v 0 101
v 1 0
v 2 3
v 3 0
v 4 0
v 5 0
v 11 0
e 0 1 0 
e 0 4 0 
e 1 0 0 
e 1 2 0 
e 1 11 0 
e 2 1 0 
e 2 3 0 
e 3 2 0 
e 3 4 0 
e 4 0 0 
e 4 3 0 
e 4 5 0 
e 5 4 0 
e 11 1 0 
t # 62# (0, 1512, 0)
v 0 100
v 1 1
v 2 0
v 19 3
e 0 1 0 
e 1 0 0 
e 1 2 0 
e 1 19 0 
e 2 1 0 
e 19 1 0 
t # 63# (0, 1565, 0)
v 0 100
v 1 1
v 2 0
v 18 3
e 0 1 0 
e 1 0 0 
e 1 2 0 
e 1 18 0 
e 2 1 0 
e 18 1 0 
t # 64# (0, 1629, 13)
v 11 0
v 12 1
v 13 103
v 14 2
v 15 2
v 16 2
e 11 12 0 
e 12 11 0 
e 12 13 0 
e 13 12 0 
e 13 14 0 
e 13 15 0 
e 13 16 0 
e 14 13 0 
e 15 13 0 
e 16 13 0 
t # 65# (1, 1632, 2)
v 0 0
v 1 0
v 2 101
v 3 0
v 4 0
v 5 0
v 6 3
v 7 3
e 0 1 0 
e 1 0 0 
e 1 2 0 
e 2 1 0 
e 2 3 0 
e 2 5 0 
e 3 2 0 
e 3 4 0 
e 4 3 0 
e 5 2 0 
e 5 6 0 
e 5 7 0 
e 6 5 0 
e 7 5 0 
t # 66# (1, 1632, 5)
v 1 0
v 2 1
v 3 0
v 5 100
v 6 3
v 7 3
v 8 3
e 1 2 0 
e 2 1 0 
e 2 3 0 
e 2 5 0 
e 3 2 0 
e 5 2 0 
e 5 6 0 
e 5 7 0 
e 6 5 0 
e 7 5 0 
e 7 8 0 
e 8 7 0 
t # 67# (1, 1632, 6)
v 2 1
v 5 0
v 6 103
v 7 3
e 2 5 0 
e 5 2 0 
e 5 6 0 
e 5 7 0 
e 6 5 0 
e 7 5 0 
t # 68# (1, 1632, 7)
v 2 1
v 5 0
v 6 3
v 7 103
v 8 3
v 9 0
e 2 5 0 
e 5 2 0 
e 5 6 0 
e 5 7 0 
e 6 5 0 
e 7 5 0 
e 7 8 0 
e 8 7 0 
e 8 9 0 
e 9 8 0 
t # 69# (1, 1632, 8)
v 5 0
v 7 3
v 8 103
v 9 0
v 10 3
v 11 1
e 5 7 0 
e 7 5 0 
e 7 8 0 
e 8 7 0 
e 8 9 0 
e 9 8 0 
e 9 10 0 
e 9 11 0 
e 10 9 0 
e 11 9 0 
t # 70# (1, 1632, 9)
v 7 3
v 8 3
v 9 100
v 10 3
v 11 1
v 12 0
v 14 0
e 7 8 0 
e 8 7 0 
e 8 9 0 
e 9 8 0 
e 9 10 0 
e 9 11 0 
e 10 9 0 
e 11 9 0 
e 11 12 0 
e 11 14 0 
e 12 11 0 
e 14 11 0 
t # 71# (1, 1632, 10)
v 8 3
v 9 0
v 10 103
v 11 1
e 8 9 0 
e 9 8 0 
e 9 10 0 
e 9 11 0 
e 10 9 0 
e 11 9 0 
t # 72# (1, 1632, 11)
v 8 3
v 9 0
v 10 3
v 11 101
v 12 0
v 13 0
v 14 0
v 15 0
e 8 9 0 
e 9 8 0 
e 9 10 0 
e 9 11 0 
e 10 9 0 
e 11 9 0 
e 11 12 0 
e 11 14 0 
e 12 11 0 
e 12 13 0 
e 13 12 0 
e 14 11 0 
e 14 15 0 
e 15 14 0 
t # -1