# 48,# 48 8 target:0 c+:33 c-:123 score:228.74180674452504 score+:101.60410372974742 score-:879.3262466611326 nb:4 =l_2c_11 l_2c_10 l_2c_14 l_2c_4 
t # 0# (0, 24, 9)
v 6 1
v 7 0
v 8 0
v 9 103
v 10 0
v 11 0
v 12 0
v 13 1
v 14 0
v 19 0
e 6 7 0 
e 7 6 0 
e 7 8 0 
e 7 14 0 
e 8 7 0 
e 8 9 0 
e 8 13 0 
e 9 8 0 
e 9 10 0 
e 10 9 0 
e 10 11 0 
e 11 10 0 
e 11 12 0 
e 11 19 0 
e 12 11 0 
e 12 13 0 
e 13 8 0 
e 13 12 0 
e 13 14 0 
e 14 7 0 
e 14 13 0 
e 19 11 0 
t # 1# (0, 24, 10)
v 7 0
v 8 0
v 9 3
v 10 100
v 11 0
v 12 0
v 13 1
v 16 0
v 19 0
v 20 1
e 7 8 0 
e 8 7 0 
e 8 9 0 
e 8 13 0 
e 9 8 0 
e 9 10 0 
e 10 9 0 
e 10 11 0 
e 11 10 0 
e 11 12 0 
e 11 19 0 
e 12 11 0 
e 12 13 0 
e 12 16 0 
e 13 8 0 
e 13 12 0 
e 16 12 0 
e 19 11 0 
e 19 20 0 
e 20 19 0 
t # 2# (0, 24, 28)
v 3 0
v 26 0
v 27 0
v 28 103
v 29 0
v 30 1
v 31 1
e 3 26 0 
e 26 3 0 
e 26 27 0 
e 26 31 0 
e 27 26 0 
e 27 28 0 
e 28 27 0 
e 28 29 0 
e 29 28 0 
e 29 30 0 
e 29 31 0 
e 30 29 0 
e 31 26 0 
e 31 29 0 
t # 3# (0, 47, 14)
v 9 0
v 11 0
v 12 1
v 13 0
v 14 103
v 15 0
v 16 0
v 17 0
v 18 0
v 19 1
v 30 0
e 9 11 0 
e 11 9 0 
e 11 12 0 
e 11 15 0 
e 12 11 0 
e 12 13 0 
e 12 30 0 
e 13 12 0 
e 13 14 0 
e 13 18 0 
e 14 13 0 
e 14 15 0 
e 15 11 0 
e 15 14 0 
e 15 16 0 
e 15 17 0 
e 16 15 0 
e 17 15 0 
e 18 13 0 
e 18 19 0 
e 18 30 0 
e 19 18 0 
e 30 12 0 
e 30 18 0 
t # 4# (0, 48, 11)
v 6 0
v 9 0
v 10 3
v 11 100
v 12 0
v 13 1
v 14 0
e 6 9 0 
e 9 6 0 
e 9 10 0 
e 10 9 0 
e 10 11 0 
e 11 10 0 
e 11 12 0 
e 12 11 0 
e 12 13 0 
e 13 12 0 
e 13 14 0 
e 14 13 0 
t # 5# (0, 57, 21)
v 36 0
v 38 1
v 13 0
v 14 0
v 15 0
v 20 0
v 21 103
v 22 0
v 23 0
v 24 1
e 36 23 0 
e 36 38 0 
e 38 36 0 
e 38 13 0 
e 38 22 0 
e 13 38 0 
e 13 14 0 
e 14 13 0 
e 14 15 0 
e 14 20 0 
e 15 14 0 
e 20 14 0 
e 20 21 0 
e 21 20 0 
e 21 22 0 
e 22 38 0 
e 22 21 0 
e 22 23 0 
e 23 36 0 
e 23 22 0 
e 23 24 0 
e 24 23 0 
t # 6# (0, 78, 38)
v 35 1
v 36 0
v 37 0
v 38 103
v 39 0
v 40 0
v 41 0
v 42 0
v 43 1
v 44 0
v 46 0
e 35 36 0 
e 36 35 0 
e 36 37 0 
e 36 44 0 
e 37 36 0 
e 37 38 0 
e 37 43 0 
e 38 37 0 
e 38 39 0 
e 39 38 0 
e 39 40 0 
e 39 41 0 
e 39 42 0 
e 40 39 0 
e 41 39 0 
e 42 39 0 
e 42 43 0 
e 42 46 0 
e 43 37 0 
e 43 42 0 
e 43 44 0 
e 44 36 0 
e 44 43 0 
e 46 42 0 
t # 7# (1, 95, 12)
v 1 0
v 2 0
v 9 0
v 10 0
v 11 0
v 12 103
v 13 0
v 14 1
v 15 1
e 1 2 0 
e 1 11 0 
e 2 1 0 
e 9 10 0 
e 10 9 0 
e 10 11 0 
e 10 14 0 
e 11 1 0 
e 11 10 0 
e 11 12 0 
e 12 11 0 
e 12 13 0 
e 13 12 0 
e 13 14 0 
e 13 15 0 
e 14 10 0 
e 14 13 0 
e 15 13 0 
t # 8# (0, 108, 5)
v 1 0
v 3 0
v 4 0
v 5 103
v 6 0
v 7 0
v 8 1
v 9 0
v 11 0
v 14 0
v 15 0
v 18 2
e 1 3 0 
e 3 1 0 
e 3 4 0 
e 3 9 0 
e 4 3 0 
e 4 5 0 
e 4 8 0 
e 5 4 0 
e 5 6 0 
e 6 5 0 
e 6 7 0 
e 6 14 0 
e 7 6 0 
e 7 8 0 
e 7 11 0 
e 8 4 0 
e 8 7 0 
e 8 9 0 
e 9 3 0 
e 9 8 0 
e 11 7 0 
e 14 6 0 
e 14 15 0 
e 14 18 0 
e 15 14 0 
e 18 14 0 
t # 9# (0, 109, 3)
v 0 0
v 1 0
v 2 0
v 3 103
v 4 0
v 5 0
v 6 1
v 19 0
v 21 1
v 22 0
v 23 0
e 0 1 0 
e 1 0 0 
e 1 2 0 
e 1 3 0 
e 1 22 0 
e 2 1 0 
e 3 1 0 
e 3 4 0 
e 4 3 0 
e 4 5 0 
e 4 21 0 
e 5 4 0 
e 5 6 0 
e 5 19 0 
e 6 5 0 
e 19 5 0 
e 19 21 0 
e 21 4 0 
e 21 19 0 
e 21 22 0 
e 22 1 0 
e 22 21 0 
e 22 23 0 
e 23 22 0 
t # 10# (0, 128, 15)
v 12 1
v 13 0
v 14 0
v 15 103
v 16 0
v 17 0
v 18 0
v 19 0
v 20 1
v 21 0
v 23 0
e 12 13 0 
e 13 12 0 
e 13 14 0 
e 13 21 0 
e 14 13 0 
e 14 15 0 
e 14 20 0 
e 15 14 0 
e 15 16 0 
e 16 15 0 
e 16 17 0 
e 16 18 0 
e 16 19 0 
e 17 16 0 
e 18 16 0 
e 19 16 0 
e 19 20 0 
e 19 23 0 
e 20 14 0 
e 20 19 0 
e 20 21 0 
e 21 13 0 
e 21 20 0 
e 23 19 0 
t # 11# (0, 155, 7)
v 4 1
v 5 0
v 6 0
v 7 103
v 8 0
v 9 0
v 10 0
v 11 1
v 12 0
v 17 0
e 4 5 0 
e 5 4 0 
e 5 6 0 
e 5 12 0 
e 6 5 0 
e 6 7 0 
e 6 11 0 
e 7 6 0 
e 7 8 0 
e 8 7 0 
e 8 9 0 
e 9 8 0 
e 9 10 0 
e 9 17 0 
e 10 9 0 
e 10 11 0 
e 11 6 0 
e 11 10 0 
e 11 12 0 
e 12 5 0 
e 12 11 0 
e 17 9 0 
t # 12# (0, 155, 18)
v 8 0
v 9 0
v 10 0
v 17 0
v 18 103
v 19 0
v 20 0
v 21 1
v 22 1
v 23 1
e 8 9 0 
e 9 8 0 
e 9 10 0 
e 9 17 0 
e 10 9 0 
e 17 9 0 
e 17 18 0 
e 18 17 0 
e 18 19 0 
e 19 18 0 
e 19 20 0 
e 19 23 0 
e 20 19 0 
e 20 21 0 
e 21 20 0 
e 21 22 0 
e 22 21 0 
e 22 23 0 
e 23 19 0 
e 23 22 0 
t # 13# (0, 156, 4)
v 1 0
v 2 0
v 3 0
v 4 103
v 5 0
v 6 0
v 7 1
v 17 0
v 19 1
v 20 0
v 21 0
e 1 2 0 
e 2 1 0 
e 2 3 0 
e 2 4 0 
e 2 20 0 
e 3 2 0 
e 4 2 0 
e 4 5 0 
e 5 4 0 
e 5 6 0 
e 5 19 0 
e 6 5 0 
e 6 7 0 
e 6 17 0 
e 7 6 0 
e 17 6 0 
e 17 19 0 
e 19 5 0 
e 19 17 0 
e 19 20 0 
e 20 2 0 
e 20 19 0 
e 20 21 0 
e 21 20 0 
t # 14# (1, 163, 10)
v 7 0
v 8 0
v 9 3
v 10 100
v 11 0
v 12 1
v 13 0
v 14 0
e 7 8 0 
e 8 7 0 
e 8 9 0 
e 8 14 0 
e 9 8 0 
e 9 10 0 
e 10 9 0 
e 10 11 0 
e 11 10 0 
e 11 12 0 
e 12 11 0 
e 12 13 0 
e 13 12 0 
e 14 8 0 
t # 15# (0, 172, 9)
v 4 0
v 5 0
v 6 0
v 7 1
v 8 0
v 9 103
v 10 0
v 11 0
v 12 1
v 22 0
e 4 5 0 
e 5 4 0 
e 5 6 0 
e 5 10 0 
e 6 5 0 
e 6 7 0 
e 7 6 0 
e 7 8 0 
e 7 22 0 
e 8 7 0 
e 8 9 0 
e 8 11 0 
e 9 8 0 
e 9 10 0 
e 10 5 0 
e 10 9 0 
e 11 8 0 
e 11 12 0 
e 11 22 0 
e 12 11 0 
e 22 7 0 
e 22 11 0 
t # 16# (0, 175, 6)
v 3 0
v 4 0
v 5 0
v 6 103
v 7 0
v 8 0
v 9 1
v 18 0
v 20 1
v 21 0
e 3 4 0 
e 3 20 0 
e 4 3 0 
e 4 5 0 
e 4 21 0 
e 5 4 0 
e 5 6 0 
e 6 5 0 
e 6 7 0 
e 7 6 0 
e 7 8 0 
e 7 20 0 
e 8 7 0 
e 8 9 0 
e 8 18 0 
e 9 8 0 
e 18 8 0 
e 18 20 0 
e 20 3 0 
e 20 7 0 
e 20 18 0 
e 21 4 0 
t # 17# (0, 175, 22)
v 3 0
v 4 0
v 5 0
v 21 0
v 22 103
v 23 0
v 24 1
v 25 1
v 26 0
v 27 1
e 3 4 0 
e 4 3 0 
e 4 5 0 
e 4 21 0 
e 5 4 0 
e 21 4 0 
e 21 22 0 
e 22 21 0 
e 22 23 0 
e 23 22 0 
e 23 24 0 
e 23 27 0 
e 24 23 0 
e 24 25 0 
e 25 24 0 
e 25 26 0 
e 26 25 0 
e 26 27 0 
e 27 23 0 
e 27 26 0 
t # 18# (0, 196, 5)
v 2 0
v 3 0
v 4 0
v 5 103
v 6 0
v 7 0
v 8 1
v 20 0
v 22 1
v 23 0
v 24 0
e 2 3 0 
e 3 2 0 
e 3 4 0 
e 3 5 0 
e 3 23 0 
e 4 3 0 
e 5 3 0 
e 5 6 0 
e 6 5 0 
e 6 7 0 
e 6 22 0 
e 7 6 0 
e 7 8 0 
e 7 20 0 
e 8 7 0 
e 20 7 0 
e 20 22 0 
e 22 6 0 
e 22 20 0 
e 22 23 0 
e 23 3 0 
e 23 22 0 
e 23 24 0 
e 24 23 0 
t # 19# (1, 199, 6)
v 0 0
v 1 0
v 2 0
v 3 1
v 4 0
v 6 100
v 7 3
v 8 0
v 9 0
e 0 1 0 
e 1 0 0 
e 1 2 0 
e 2 1 0 
e 2 3 0 
e 2 6 0 
e 3 2 0 
e 3 4 0 
e 4 3 0 
e 6 2 0 
e 6 7 0 
e 7 6 0 
e 7 8 0 
e 8 7 0 
e 8 9 0 
e 9 8 0 
t # 20# (1, 199, 7)
v 1 0
v 2 0
v 3 1
v 6 0
v 7 103
v 8 0
v 9 0
v 10 1
e 1 2 0 
e 2 1 0 
e 2 3 0 
e 2 6 0 
e 3 2 0 
e 6 2 0 
e 6 7 0 
e 7 6 0 
e 7 8 0 
e 8 7 0 
e 8 9 0 
e 9 8 0 
e 9 10 0 
e 10 9 0 
t # 21# (1, 199, 8)
v 2 0
v 6 0
v 7 3
v 8 100
v 9 0
v 10 1
v 11 0
e 2 6 0 
e 6 2 0 
e 6 7 0 
e 7 6 0 
e 7 8 0 
e 8 7 0 
e 8 9 0 
e 9 8 0 
e 9 10 0 
e 10 9 0 
e 10 11 0 
e 11 10 0 
t # 22# (0, 204, 27)
v 3 0
v 25 0
v 26 0
v 27 103
v 28 0
v 29 1
v 30 1
e 3 25 0 
e 25 3 0 
e 25 26 0 
e 25 30 0 
e 26 25 0 
e 26 27 0 
e 27 26 0 
e 27 28 0 
e 28 27 0 
e 28 29 0 
e 28 30 0 
e 29 28 0 
e 30 25 0 
e 30 28 0 
t # 23# (0, 205, 9)
v 6 1
v 7 0
v 8 0
v 9 103
v 10 0
v 11 0
v 12 0
v 13 1
v 14 0
v 25 0
e 6 7 0 
e 7 6 0 
e 7 8 0 
e 7 14 0 
e 8 7 0 
e 8 9 0 
e 8 13 0 
e 9 8 0 
e 9 10 0 
e 10 9 0 
e 10 11 0 
e 11 10 0 
e 11 12 0 
e 11 25 0 
e 12 11 0 
e 12 13 0 
e 13 8 0 
e 13 12 0 
e 13 14 0 
e 14 7 0 
e 14 13 0 
e 25 11 0 
t # 24# (0, 216, 14)
v 11 1
v 12 0
v 13 0
v 14 103
v 15 0
v 16 0
v 17 0
v 18 0
v 19 1
v 20 0
v 22 0
e 11 12 0 
e 12 11 0 
e 12 13 0 
e 12 20 0 
e 13 12 0 
e 13 14 0 
e 13 19 0 
e 14 13 0 
e 14 15 0 
e 15 14 0 
e 15 16 0 
e 15 17 0 
e 15 18 0 
e 16 15 0 
e 17 15 0 
e 18 15 0 
e 18 19 0 
e 18 22 0 
e 19 13 0 
e 19 18 0 
e 19 20 0 
e 20 12 0 
e 20 19 0 
e 22 18 0 
t # 25# (1, 235, 13)
v 2 0
v 7 1
v 8 0
v 9 1
v 10 0
v 11 0
v 12 0
v 13 103
e 2 7 0 
e 7 2 0 
e 7 8 0 
e 8 7 0 
e 8 9 0 
e 8 13 0 
e 9 8 0 
e 9 10 0 
e 10 9 0 
e 10 11 0 
e 11 10 0 
e 11 12 0 
e 12 11 0 
e 12 13 0 
e 13 8 0 
e 13 12 0 
t # 26# (1, 241, 5)
v 2 2
v 3 0
v 4 0
v 5 108
v 6 8
v 7 8
v 8 2
e 2 3 0 
e 3 2 0 
e 3 4 0 
e 3 8 0 
e 4 3 0 
e 4 5 0 
e 4 6 0 
e 4 7 0 
e 5 4 0 
e 6 4 0 
e 7 4 0 
e 8 3 0 
t # 27# (1, 241, 6)
v 2 2
v 3 0
v 4 0
v 5 8
v 6 108
v 7 8
v 8 2
e 2 3 0 
e 3 2 0 
e 3 4 0 
e 3 8 0 
e 4 3 0 
e 4 5 0 
e 4 6 0 
e 4 7 0 
e 5 4 0 
e 6 4 0 
e 7 4 0 
e 8 3 0 
t # 28# (1, 241, 7)
v 2 2
v 3 0
v 4 0
v 5 8
v 6 8
v 7 108
v 8 2
e 2 3 0 
e 3 2 0 
e 3 4 0 
e 3 8 0 
e 4 3 0 
e 4 5 0 
e 4 6 0 
e 4 7 0 
e 5 4 0 
e 6 4 0 
e 7 4 0 
e 8 3 0 
t # 29# (0, 242, 9)
v 6 1
v 7 0
v 8 0
v 9 103
v 10 0
v 11 0
v 12 0
v 13 1
v 14 0
v 19 0
e 6 7 0 
e 7 6 0 
e 7 8 0 
e 7 14 0 
e 8 7 0 
e 8 9 0 
e 8 13 0 
e 9 8 0 
e 9 10 0 
e 10 9 0 
e 10 11 0 
e 11 10 0 
e 11 12 0 
e 11 19 0 
e 12 11 0 
e 12 13 0 
e 13 8 0 
e 13 12 0 
e 13 14 0 
e 14 7 0 
e 14 13 0 
e 19 11 0 
t # 30# (0, 242, 20)
v 10 0
v 11 0
v 12 0
v 19 0
v 20 103
v 21 0
v 22 3
v 23 1
v 24 1
v 25 0
e 10 11 0 
e 11 10 0 
e 11 12 0 
e 11 19 0 
e 12 11 0 
e 19 11 0 
e 19 20 0 
e 20 19 0 
e 20 21 0 
e 21 20 0 
e 21 22 0 
e 21 25 0 
e 22 21 0 
e 22 23 0 
e 23 22 0 
e 23 24 0 
e 24 23 0 
e 24 25 0 
e 25 21 0 
e 25 24 0 
t # 31# (0, 242, 28)
v 3 0
v 26 0
v 27 0
v 28 103
v 29 0
v 30 1
v 31 1
e 3 26 0 
e 26 3 0 
e 26 27 0 
e 26 31 0 
e 27 26 0 
e 27 28 0 
e 28 27 0 
e 28 29 0 
e 29 28 0 
e 29 30 0 
e 29 31 0 
e 30 29 0 
e 31 26 0 
e 31 29 0 
t # 32# (0, 243, 11)
v 8 1
v 9 0
v 10 0
v 11 103
v 12 0
v 13 0
v 14 0
v 15 1
v 16 0
v 21 0
e 8 9 0 
e 9 8 0 
e 9 10 0 
e 9 16 0 
e 10 9 0 
e 10 11 0 
e 10 15 0 
e 11 10 0 
e 11 12 0 
e 12 11 0 
e 12 13 0 
e 13 12 0 
e 13 14 0 
e 13 21 0 
e 14 13 0 
e 14 15 0 
e 15 10 0 
e 15 14 0 
e 15 16 0 
e 16 9 0 
e 16 15 0 
e 21 13 0 
t # 33# (0, 243, 12)
v 9 0
v 10 0
v 11 3
v 12 100
v 13 0
v 14 0
v 15 1
v 18 0
v 21 0
v 22 1
e 9 10 0 
e 10 9 0 
e 10 11 0 
e 10 15 0 
e 11 10 0 
e 11 12 0 
e 12 11 0 
e 12 13 0 
e 13 12 0 
e 13 14 0 
e 13 21 0 
e 14 13 0 
e 14 15 0 
e 14 18 0 
e 15 10 0 
e 15 14 0 
e 18 14 0 
e 21 13 0 
e 21 22 0 
e 22 21 0 
t # 34# (0, 243, 30)
v 32 1
v 33 1
v 5 0
v 28 0
v 29 0
v 30 103
v 31 0
e 32 31 0 
e 33 28 0 
e 33 31 0 
e 5 28 0 
e 28 33 0 
e 28 5 0 
e 28 29 0 
e 29 28 0 
e 29 30 0 
e 30 29 0 
e 30 31 0 
e 31 32 0 
e 31 33 0 
e 31 30 0 
t # 35# (1, 245, 3)
v 0 0
v 1 2
v 2 0
v 3 101
v 4 3
v 5 1
v 6 0
v 7 0
e 0 1 0 
e 1 0 0 
e 1 2 0 
e 2 1 0 
e 2 3 0 
e 2 6 0 
e 3 2 0 
e 3 4 0 
e 4 3 0 
e 4 5 0 
e 5 4 0 
e 5 6 0 
e 6 2 0 
e 6 5 0 
e 6 7 0 
e 7 6 0 
t # 36# (0, 260, 5)
v 2 0
v 3 3
v 4 0
v 5 103
v 6 0
v 7 0
v 8 0
v 12 0
v 28 1
v 29 1
e 2 3 0 
e 2 29 0 
e 3 2 0 
e 3 4 0 
e 4 3 0 
e 4 5 0 
e 4 28 0 
e 5 4 0 
e 5 6 0 
e 6 5 0 
e 6 7 0 
e 7 6 0 
e 7 8 0 
e 7 12 0 
e 8 7 0 
e 12 7 0 
e 28 4 0 
e 28 29 0 
e 29 2 0 
e 29 28 0 
t # 37# (0, 260, 11)
v 6 0
v 7 0
v 8 0
v 9 1
v 10 0
v 11 103
v 12 0
v 13 0
v 14 1
v 23 0
e 6 7 0 
e 7 6 0 
e 7 8 0 
e 7 12 0 
e 8 7 0 
e 8 9 0 
e 9 8 0 
e 9 10 0 
e 9 23 0 
e 10 9 0 
e 10 11 0 
e 10 13 0 
e 11 10 0 
e 11 12 0 
e 12 7 0 
e 12 11 0 
e 13 10 0 
e 13 14 0 
e 13 23 0 
e 14 13 0 
e 23 9 0 
e 23 13 0 
t # 38# (0, 271, 5)
v 2 2
v 3 0
v 4 0
v 5 101
v 6 1
v 7 0
v 8 3
v 9 0
e 2 3 0 
e 3 2 0 
e 3 4 0 
e 4 3 0 
e 4 5 0 
e 4 8 0 
e 5 4 0 
e 5 6 0 
e 6 5 0 
e 6 7 0 
e 7 6 0 
e 7 8 0 
e 7 9 0 
e 8 4 0 
e 8 7 0 
e 9 7 0 
t # 39# (1, 285, 29)
v 0 0
v 1 2
v 4 0
v 7 0
v 28 0
v 29 102
v 30 0
v 31 7
e 0 1 0 
e 0 4 0 
e 0 7 0 
e 0 28 0 
e 1 0 0 
e 4 0 0 
e 7 0 0 
e 28 0 0 
e 28 29 0 
e 28 30 0 
e 29 28 0 
e 30 28 0 
e 30 31 0 
e 31 30 0 
t # 40# (0, 289, 7)
v 1 0
v 2 1
v 3 1
v 4 1
v 5 1
v 6 0
v 7 103
v 8 0
v 9 0
v 10 0
v 14 0
e 1 2 0 
e 2 1 0 
e 2 3 0 
e 2 6 0 
e 3 2 0 
e 3 4 0 
e 4 3 0 
e 4 5 0 
e 5 4 0 
e 5 6 0 
e 6 2 0 
e 6 5 0 
e 6 7 0 
e 7 6 0 
e 7 8 0 
e 8 7 0 
e 8 9 0 
e 9 8 0 
e 9 10 0 
e 9 14 0 
e 10 9 0 
e 14 9 0 
t # 41# (0, 289, 13)
v 8 0
v 9 0
v 10 0
v 11 1
v 12 0
v 13 103
v 14 0
v 15 0
v 16 1
v 25 0
e 8 9 0 
e 9 8 0 
e 9 10 0 
e 9 14 0 
e 10 9 0 
e 10 11 0 
e 11 10 0 
e 11 12 0 
e 11 25 0 
e 12 11 0 
e 12 13 0 
e 12 15 0 
e 13 12 0 
e 13 14 0 
e 14 9 0 
e 14 13 0 
e 15 12 0 
e 15 16 0 
e 15 25 0 
e 16 15 0 
e 25 11 0 
e 25 15 0 
t # 42# (0, 313, 3)
v 0 0
v 1 0
v 2 0
v 3 103
v 4 0
v 5 0
v 6 1
v 16 0
v 18 1
v 19 0
v 20 0
e 0 1 0 
e 1 0 0 
e 1 2 0 
e 1 3 0 
e 1 19 0 
e 2 1 0 
e 3 1 0 
e 3 4 0 
e 4 3 0 
e 4 5 0 
e 4 18 0 
e 5 4 0 
e 5 6 0 
e 5 16 0 
e 6 5 0 
e 16 5 0 
e 16 18 0 
e 18 4 0 
e 18 16 0 
e 18 19 0 
e 19 1 0 
e 19 18 0 
e 19 20 0 
e 20 19 0 
t # 43# (0, 335, 28)
v 3 0
v 26 0
v 27 0
v 28 103
v 29 0
v 30 1
v 31 1
e 3 26 0 
e 26 3 0 
e 26 27 0 
e 26 31 0 
e 27 26 0 
e 27 28 0 
e 28 27 0 
e 28 29 0 
e 29 28 0 
e 29 30 0 
e 29 31 0 
e 30 29 0 
e 31 26 0 
e 31 29 0 
t # 44# (0, 356, 14)
v 10 0
v 11 0
v 12 0
v 13 0
v 14 100
v 15 3
v 16 0
v 17 1
v 18 1
e 10 11 0 
e 11 10 0 
e 11 12 0 
e 11 13 0 
e 12 11 0 
e 13 11 0 
e 13 14 0 
e 13 17 0 
e 14 13 0 
e 14 15 0 
e 15 14 0 
e 15 16 0 
e 16 15 0 
e 16 17 0 
e 16 18 0 
e 17 13 0 
e 17 16 0 
e 18 16 0 
t # 45# (0, 366, 10)
v 7 1
v 8 0
v 9 0
v 10 103
v 11 0
v 12 0
v 13 0
v 14 0
v 15 1
v 16 0
v 18 0
e 7 8 0 
e 8 7 0 
e 8 9 0 
e 8 16 0 
e 9 8 0 
e 9 10 0 
e 9 15 0 
e 10 9 0 
e 10 11 0 
e 11 10 0 
e 11 12 0 
e 11 13 0 
e 11 14 0 
e 12 11 0 
e 13 11 0 
e 14 11 0 
e 14 15 0 
e 14 18 0 
e 15 9 0 
e 15 14 0 
e 15 16 0 
e 16 8 0 
e 16 15 0 
e 18 14 0 
t # 46# (0, 370, 4)
v 1 0
v 2 3
v 3 0
v 4 103
v 5 0
v 6 0
v 7 0
v 11 0
v 29 1
v 30 1
e 1 2 0 
e 1 30 0 
e 2 1 0 
e 2 3 0 
e 3 2 0 
e 3 4 0 
e 3 29 0 
e 4 3 0 
e 4 5 0 
e 5 4 0 
e 5 6 0 
e 6 5 0 
e 6 7 0 
e 6 11 0 
e 7 6 0 
e 11 6 0 
e 29 3 0 
e 29 30 0 
e 30 1 0 
e 30 29 0 
t # 47# (0, 370, 10)
v 5 0
v 6 0
v 7 0
v 8 1
v 9 0
v 10 103
v 11 0
v 12 0
v 13 1
v 24 0
e 5 6 0 
e 6 5 0 
e 6 7 0 
e 6 11 0 
e 7 6 0 
e 7 8 0 
e 8 7 0 
e 8 9 0 
e 8 24 0 
e 9 8 0 
e 9 10 0 
e 9 12 0 
e 10 9 0 
e 10 11 0 
e 11 6 0 
e 11 10 0 
e 12 9 0 
e 12 13 0 
e 12 24 0 
e 13 12 0 
e 24 8 0 
e 24 12 0 
t # 48# (0, 377, 6)
v 3 0
v 4 0
v 5 0
v 6 103
v 7 0
v 8 0
v 9 1
v 21 0
v 23 1
v 24 0
v 25 0
e 3 4 0 
e 4 3 0 
e 4 5 0 
e 4 6 0 
e 4 24 0 
e 5 4 0 
e 6 4 0 
e 6 7 0 
e 7 6 0 
e 7 8 0 
e 7 23 0 
e 8 7 0 
e 8 9 0 
e 8 21 0 
e 9 8 0 
e 21 8 0 
e 21 23 0 
e 23 7 0 
e 23 21 0 
e 23 24 0 
e 24 4 0 
e 24 23 0 
e 24 25 0 
e 25 24 0 
t # 49# (0, 382, 9)
v 6 1
v 7 0
v 8 0
v 9 103
v 10 0
v 11 0
v 12 0
v 13 1
v 14 0
v 19 0
e 6 7 0 
e 7 6 0 
e 7 8 0 
e 7 14 0 
e 8 7 0 
e 8 9 0 
e 8 13 0 
e 9 8 0 
e 9 10 0 
e 10 9 0 
e 10 11 0 
e 11 10 0 
e 11 12 0 
e 11 19 0 
e 12 11 0 
e 12 13 0 
e 13 8 0 
e 13 12 0 
e 13 14 0 
e 14 7 0 
e 14 13 0 
e 19 11 0 
t # 50# (0, 382, 33)
v 32 0
v 33 103
v 34 0
v 35 1
v 36 1
v 3 0
v 31 0
e 32 31 0 
e 32 33 0 
e 33 32 0 
e 33 34 0 
e 34 33 0 
e 34 35 0 
e 34 36 0 
e 35 34 0 
e 36 34 0 
e 36 31 0 
e 3 31 0 
e 31 32 0 
e 31 36 0 
e 31 3 0 
t # 51# (0, 421, 14)
v 9 0
v 11 0
v 12 1
v 13 0
v 14 103
v 15 0
v 16 0
v 17 0
v 18 0
v 19 1
v 28 0
e 9 11 0 
e 11 9 0 
e 11 12 0 
e 11 15 0 
e 12 11 0 
e 12 13 0 
e 12 28 0 
e 13 12 0 
e 13 14 0 
e 13 18 0 
e 14 13 0 
e 14 15 0 
e 15 11 0 
e 15 14 0 
e 15 16 0 
e 15 17 0 
e 16 15 0 
e 17 15 0 
e 18 13 0 
e 18 19 0 
e 18 28 0 
e 19 18 0 
e 28 12 0 
e 28 18 0 
t # 52# (1, 427, 19)
v 7 0
v 8 0
v 9 0
v 10 1
v 11 0
v 12 0
v 14 0
v 17 0
v 18 0
v 19 103
v 20 0
e 7 8 0 
e 8 7 0 
e 8 9 0 
e 8 20 0 
e 9 8 0 
e 9 10 0 
e 9 19 0 
e 10 9 0 
e 10 11 0 
e 11 10 0 
e 11 12 0 
e 11 18 0 
e 12 11 0 
e 14 17 0 
e 17 14 0 
e 17 18 0 
e 18 11 0 
e 18 17 0 
e 18 19 0 
e 19 9 0 
e 19 18 0 
e 20 8 0 
t # 53# (0, 434, 7)
v 3 1
v 4 0
v 5 2
v 6 0
v 7 103
v 8 0
v 9 3
v 10 0
v 11 0
v 14 0
e 3 4 0 
e 4 3 0 
e 4 5 0 
e 4 6 0 
e 5 4 0 
e 6 4 0 
e 6 7 0 
e 6 9 0 
e 7 6 0 
e 7 8 0 
e 8 7 0 
e 8 9 0 
e 8 10 0 
e 9 6 0 
e 9 8 0 
e 10 8 0 
e 10 11 0 
e 10 14 0 
e 11 10 0 
e 14 10 0 
t # 54# (0, 434, 9)
v 3 1
v 4 0
v 5 2
v 6 0
v 7 3
v 8 0
v 9 103
v 10 0
v 11 0
v 14 0
e 3 4 0 
e 4 3 0 
e 4 5 0 
e 4 6 0 
e 5 4 0 
e 6 4 0 
e 6 7 0 
e 6 9 0 
e 7 6 0 
e 7 8 0 
e 8 7 0 
e 8 9 0 
e 8 10 0 
e 9 6 0 
e 9 8 0 
e 10 8 0 
e 10 11 0 
e 10 14 0 
e 11 10 0 
e 14 10 0 
t # 55# (0, 434, 18)
v 1 2
v 2 0
v 3 1
v 17 0
v 18 103
v 19 0
v 20 0
v 21 0
v 22 1
v 23 0
v 28 0
e 1 2 0 
e 2 1 0 
e 2 3 0 
e 2 17 0 
e 2 23 0 
e 3 2 0 
e 17 2 0 
e 17 18 0 
e 17 22 0 
e 18 17 0 
e 18 19 0 
e 19 18 0 
e 19 20 0 
e 20 19 0 
e 20 21 0 
e 20 28 0 
e 21 20 0 
e 21 22 0 
e 22 17 0 
e 22 21 0 
e 22 23 0 
e 23 2 0 
e 23 22 0 
e 28 20 0 
t # 56# (0, 434, 29)
v 32 1
v 33 1
v 34 1
v 35 0
v 19 0
v 20 0
v 21 0
v 28 0
v 29 103
v 30 0
v 31 1
e 32 31 0 
e 32 33 0 
e 33 32 0 
e 33 34 0 
e 34 33 0 
e 34 30 0 
e 34 35 0 
e 35 34 0 
e 19 20 0 
e 20 19 0 
e 20 21 0 
e 20 28 0 
e 21 20 0 
e 28 20 0 
e 28 29 0 
e 29 28 0 
e 29 30 0 
e 30 34 0 
e 30 29 0 
e 30 31 0 
e 31 32 0 
e 31 30 0 
t # 57# (0, 441, 9)
v 4 0
v 6 0
v 7 1
v 8 0
v 9 103
v 10 0
v 11 0
v 12 0
v 13 0
v 14 1
v 29 0
e 4 6 0 
e 6 4 0 
e 6 7 0 
e 6 10 0 
e 7 6 0 
e 7 8 0 
e 7 29 0 
e 8 7 0 
e 8 9 0 
e 8 13 0 
e 9 8 0 
e 9 10 0 
e 10 6 0 
e 10 9 0 
e 10 11 0 
e 10 12 0 
e 11 10 0 
e 12 10 0 
e 13 8 0 
e 13 14 0 
e 13 29 0 
e 14 13 0 
e 29 7 0 
e 29 13 0 
t # 58# (1, 448, 5)
v 2 0
v 3 1
v 4 0
v 5 100
v 6 3
v 7 0
v 8 0
v 9 0
e 2 3 0 
e 3 2 0 
e 3 4 0 
e 4 3 0 
e 4 5 0 
e 4 8 0 
e 5 4 0 
e 5 6 0 
e 6 5 0 
e 6 7 0 
e 7 6 0 
e 7 8 0 
e 8 4 0 
e 8 7 0 
e 8 9 0 
e 9 8 0 
t # 59# (0, 459, 7)
v 4 1
v 5 0
v 6 0
v 7 103
v 8 0
v 9 0
v 10 0
v 11 1
v 12 0
v 17 8
e 4 5 0 
e 5 4 0 
e 5 6 0 
e 5 12 0 
e 6 5 0 
e 6 7 0 
e 6 11 0 
e 7 6 0 
e 7 8 0 
e 8 7 0 
e 8 9 0 
e 9 8 0 
e 9 10 0 
e 9 17 0 
e 10 9 0 
e 10 11 0 
e 11 6 0 
e 11 10 0 
e 11 12 0 
e 12 5 0 
e 12 11 0 
e 17 9 0 
t # 60# (0, 473, 3)
v 0 0
v 1 0
v 2 0
v 3 103
v 4 0
v 5 0
v 6 1
v 23 0
v 25 1
v 26 0
v 27 0
e 0 1 0 
e 1 0 0 
e 1 2 0 
e 1 3 0 
e 1 26 0 
e 2 1 0 
e 3 1 0 
e 3 4 0 
e 4 3 0 
e 4 5 0 
e 4 25 0 
e 5 4 0 
e 5 6 0 
e 5 23 0 
e 6 5 0 
e 23 5 0 
e 23 25 0 
e 25 4 0 
e 25 23 0 
e 25 26 0 
e 26 1 0 
e 26 25 0 
e 26 27 0 
e 27 26 0 
t # 61# (0, 476, 8)
v 3 0
v 4 0
v 5 0
v 6 1
v 7 0
v 8 103
v 9 0
v 10 0
v 11 1
v 23 0
e 3 4 0 
e 4 3 0 
e 4 5 0 
e 4 9 0 
e 5 4 0 
e 5 6 0 
e 6 5 0 
e 6 7 0 
e 6 23 0 
e 7 6 0 
e 7 8 0 
e 7 10 0 
e 8 7 0 
e 8 9 0 
e 9 4 0 
e 9 8 0 
e 10 7 0 
e 10 11 0 
e 10 23 0 
e 11 10 0 
e 23 6 0 
e 23 10 0 
t # 62# (0, 483, 9)
v 4 0
v 6 0
v 7 1
v 8 0
v 9 103
v 10 0
v 11 0
v 12 0
v 13 0
v 14 1
v 28 0
e 4 6 0 
e 6 4 0 
e 6 7 0 
e 6 10 0 
e 7 6 0 
e 7 8 0 
e 7 28 0 
e 8 7 0 
e 8 9 0 
e 8 13 0 
e 9 8 0 
e 9 10 0 
e 10 6 0 
e 10 9 0 
e 10 11 0 
e 10 12 0 
e 11 10 0 
e 12 10 0 
e 13 8 0 
e 13 14 0 
e 13 28 0 
e 14 13 0 
e 28 7 0 
e 28 13 0 
t # 63# (0, 506, 12)
v 9 1
v 10 0
v 11 0
v 12 103
v 13 0
v 14 0
v 15 0
v 16 1
v 17 0
v 30 0
e 9 10 0 
e 10 9 0 
e 10 11 0 
e 10 17 0 
e 11 10 0 
e 11 12 0 
e 11 16 0 
e 12 11 0 
e 12 13 0 
e 13 12 0 
e 13 14 0 
e 14 13 0 
e 14 15 0 
e 14 30 0 
e 15 14 0 
e 15 16 0 
e 16 11 0 
e 16 15 0 
e 16 17 0 
e 17 10 0 
e 17 16 0 
e 30 14 0 
t # 64# (0, 506, 31)
v 32 0
v 33 3
v 34 0
v 36 1
v 37 1
v 13 0
v 14 0
v 15 0
v 30 0
v 31 103
e 32 31 0 
e 32 33 0 
e 32 37 0 
e 33 32 0 
e 33 34 0 
e 34 33 0 
e 34 36 0 
e 36 34 0 
e 36 37 0 
e 37 32 0 
e 37 36 0 
e 13 14 0 
e 14 13 0 
e 14 15 0 
e 14 30 0 
e 15 14 0 
e 30 14 0 
e 30 31 0 
e 31 32 0 
e 31 30 0 
t # 65# (0, 509, 10)
v 7 0
v 8 0
v 9 3
v 10 100
v 11 0
v 12 1
v 13 0
e 7 8 0 
e 8 7 0 
e 8 9 0 
e 9 8 0 
e 9 10 0 
e 10 9 0 
e 10 11 0 
e 11 10 0 
e 11 12 0 
e 12 11 0 
e 12 13 0 
e 13 12 0 
t # 66# (0, 516, 16)
v 7 0
v 14 0
v 15 0
v 16 103
v 17 0
v 18 1
v 19 1
e 7 14 0 
e 14 7 0 
e 14 15 0 
e 14 19 0 
e 15 14 0 
e 15 16 0 
e 16 15 0 
e 16 17 0 
e 17 16 0 
e 17 18 0 
e 17 19 0 
e 18 17 0 
e 19 14 0 
e 19 17 0 
t # 67# (0, 519, 5)
v 2 0
v 3 1
v 4 0
v 5 100
v 6 3
v 7 0
v 8 0
e 2 3 0 
e 3 2 0 
e 3 4 0 
e 4 3 0 
e 4 5 0 
e 5 4 0 
e 5 6 0 
e 6 5 0 
e 6 7 0 
e 7 6 0 
e 7 8 0 
e 8 7 0 
t # 68# (0, 519, 6)
v 3 1
v 4 0
v 5 0
v 6 103
v 7 0
v 8 0
v 9 0
v 16 1
e 3 4 0 
e 4 3 0 
e 4 5 0 
e 5 4 0 
e 5 6 0 
e 6 5 0 
e 6 7 0 
e 7 6 0 
e 7 8 0 
e 8 7 0 
e 8 9 0 
e 8 16 0 
e 9 8 0 
e 16 8 0 
t # 69# (0, 519, 7)
v 4 0
v 5 0
v 6 3
v 7 100
v 8 0
v 9 0
v 10 3
v 11 0
v 16 1
e 4 5 0 
e 5 4 0 
e 5 6 0 
e 6 5 0 
e 6 7 0 
e 7 6 0 
e 7 8 0 
e 8 7 0 
e 8 9 0 
e 8 16 0 
e 9 8 0 
e 9 10 0 
e 10 9 0 
e 10 11 0 
e 11 10 0 
e 11 16 0 
e 16 8 0 
e 16 11 0 
t # 70# (0, 550, 2)
v 0 1
v 1 0
v 2 103
v 3 0
v 4 0
v 5 1
v 6 0
e 0 1 0 
e 1 0 0 
e 1 2 0 
e 1 5 0 
e 2 1 0 
e 2 3 0 
e 3 2 0 
e 3 4 0 
e 4 3 0 
e 4 5 0 
e 4 6 0 
e 5 1 0 
e 5 4 0 
e 6 4 0 
t # 71# (0, 550, 14)
v 11 1
v 12 0
v 13 0
v 14 103
v 15 0
v 16 0
v 17 0
v 18 1
v 19 0
v 24 0
e 11 12 0 
e 12 11 0 
e 12 13 0 
e 12 19 0 
e 13 12 0 
e 13 14 0 
e 13 18 0 
e 14 13 0 
e 14 15 0 
e 15 14 0 
e 15 16 0 
e 16 15 0 
e 16 17 0 
e 16 24 0 
e 17 16 0 
e 17 18 0 
e 18 13 0 
e 18 17 0 
e 18 19 0 
e 19 12 0 
e 19 18 0 
e 24 16 0 
t # 72# (1, 553, 4)
v 0 2
v 1 0
v 2 2
v 3 0
v 4 108
v 5 8
v 6 8
e 0 1 0 
e 1 0 0 
e 1 2 0 
e 1 3 0 
e 2 1 0 
e 3 1 0 
e 3 4 0 
e 3 5 0 
e 3 6 0 
e 4 3 0 
e 5 3 0 
e 6 3 0 
t # 73# (1, 553, 5)
v 0 2
v 1 0
v 2 2
v 3 0
v 4 8
v 5 108
v 6 8
e 0 1 0 
e 1 0 0 
e 1 2 0 
e 1 3 0 
e 2 1 0 
e 3 1 0 
e 3 4 0 
e 3 5 0 
e 3 6 0 
e 4 3 0 
e 5 3 0 
e 6 3 0 
t # 74# (1, 553, 6)
v 0 2
v 1 0
v 2 2
v 3 0
v 4 8
v 5 8
v 6 108
e 0 1 0 
e 1 0 0 
e 1 2 0 
e 1 3 0 
e 2 1 0 
e 3 1 0 
e 3 4 0 
e 3 5 0 
e 3 6 0 
e 4 3 0 
e 5 3 0 
e 6 3 0 
t # 75# (0, 554, 13)
v 1 2
v 2 0
v 3 1
v 12 0
v 13 103
v 14 0
v 15 0
v 16 0
v 17 1
v 18 0
v 23 0
e 1 2 0 
e 2 1 0 
e 2 3 0 
e 2 12 0 
e 2 18 0 
e 3 2 0 
e 12 2 0 
e 12 13 0 
e 12 17 0 
e 13 12 0 
e 13 14 0 
e 14 13 0 
e 14 15 0 
e 15 14 0 
e 15 16 0 
e 15 23 0 
e 16 15 0 
e 16 17 0 
e 17 12 0 
e 17 16 0 
e 17 18 0 
e 18 2 0 
e 18 17 0 
e 23 15 0 
t # 76# (0, 558, 3)
v 0 0
v 1 0
v 2 0
v 3 103
v 4 0
v 5 0
v 6 1
v 25 0
v 27 1
v 28 0
v 29 0
e 0 1 0 
e 1 0 0 
e 1 2 0 
e 1 3 0 
e 1 28 0 
e 2 1 0 
e 3 1 0 
e 3 4 0 
e 4 3 0 
e 4 5 0 
e 4 27 0 
e 5 4 0 
e 5 6 0 
e 5 25 0 
e 6 5 0 
e 25 5 0 
e 25 27 0 
e 27 4 0 
e 27 25 0 
e 27 28 0 
e 28 1 0 
e 28 27 0 
e 28 29 0 
e 29 28 0 
t # 77# (1, 573, 8)
v 0 0
v 2 0
v 3 0
v 4 0
v 5 0
v 6 1
v 7 0
v 8 103
v 9 1
v 10 0
v 28 0
e 0 5 0 
e 2 3 0 
e 3 2 0 
e 3 4 0 
e 4 3 0 
e 4 5 0 
e 4 8 0 
e 5 0 0 
e 5 4 0 
e 5 6 0 
e 6 5 0 
e 6 7 0 
e 7 6 0 
e 7 8 0 
e 7 9 0 
e 8 4 0 
e 8 7 0 
e 9 7 0 
e 9 10 0 
e 9 28 0 
e 10 9 0 
e 28 9 0 
t # 78# (0, 575, 3)
v 0 0
v 1 0
v 2 0
v 3 103
v 4 0
v 5 0
v 6 1
v 15 0
v 17 1
v 18 0
v 19 0
e 0 1 0 
e 1 0 0 
e 1 2 0 
e 1 3 0 
e 1 18 0 
e 2 1 0 
e 3 1 0 
e 3 4 0 
e 4 3 0 
e 4 5 0 
e 4 17 0 
e 5 4 0 
e 5 6 0 
e 5 15 0 
e 6 5 0 
e 15 5 0 
e 15 17 0 
e 17 4 0 
e 17 15 0 
e 17 18 0 
e 18 1 0 
e 18 17 0 
e 18 19 0 
e 19 18 0 
t # 79# (1, 576, 9)
v 3 0
v 7 1
v 8 0
v 9 100
v 10 3
v 11 0
v 12 0
e 3 7 0 
e 7 3 0 
e 7 8 0 
e 8 7 0 
e 8 9 0 
e 9 8 0 
e 9 10 0 
e 10 9 0 
e 10 11 0 
e 11 10 0 
e 11 12 0 
e 12 11 0 
t # 80# (1, 576, 10)
v 7 1
v 8 0
v 9 0
v 10 103
v 11 0
v 12 0
v 13 0
v 17 1
e 7 8 0 
e 8 7 0 
e 8 9 0 
e 9 8 0 
e 9 10 0 
e 10 9 0 
e 10 11 0 
e 11 10 0 
e 11 12 0 
e 12 11 0 
e 12 13 0 
e 12 17 0 
e 13 12 0 
e 17 12 0 
t # 81# (1, 576, 11)
v 8 0
v 9 0
v 10 3
v 11 100
v 12 0
v 13 0
v 14 0
v 16 0
v 17 1
v 18 5
e 8 9 0 
e 9 8 0 
e 9 10 0 
e 10 9 0 
e 10 11 0 
e 11 10 0 
e 11 12 0 
e 12 11 0 
e 12 13 0 
e 12 17 0 
e 13 12 0 
e 13 14 0 
e 13 18 0 
e 14 13 0 
e 16 17 0 
e 17 12 0 
e 17 16 0 
e 18 13 0 
t # 82# (1, 587, 28)
v 19 0
v 20 0
v 21 0
v 22 0
v 23 0
v 24 1
v 25 0
v 26 2
v 27 0
v 28 103
e 19 20 0 
e 20 19 0 
e 20 21 0 
e 21 20 0 
e 21 22 0 
e 21 24 0 
e 21 28 0 
e 22 21 0 
e 22 23 0 
e 23 22 0 
e 24 21 0 
e 24 25 0 
e 25 24 0 
e 25 26 0 
e 25 27 0 
e 26 25 0 
e 27 25 0 
e 27 28 0 
e 28 21 0 
e 28 27 0 
t # 83# (0, 591, 18)
v 33 0
v 13 0
v 15 0
v 16 1
v 17 0
v 18 103
v 19 0
v 20 0
v 21 0
v 22 0
v 23 1
e 33 16 0 
e 33 22 0 
e 13 15 0 
e 15 13 0 
e 15 16 0 
e 15 19 0 
e 16 33 0 
e 16 15 0 
e 16 17 0 
e 17 16 0 
e 17 18 0 
e 17 22 0 
e 18 17 0 
e 18 19 0 
e 19 15 0 
e 19 18 0 
e 19 20 0 
e 19 21 0 
e 20 19 0 
e 21 19 0 
e 22 33 0 
e 22 17 0 
e 22 23 0 
e 23 22 0 
t # 84# (1, 595, 10)
v 3 2
v 4 0
v 5 2
v 9 0
v 10 108
v 11 8
v 12 8
e 3 4 0 
e 4 3 0 
e 4 5 0 
e 4 9 0 
e 5 4 0 
e 9 4 0 
e 9 10 0 
e 9 11 0 
e 9 12 0 
e 10 9 0 
e 11 9 0 
e 12 9 0 
t # 85# (1, 595, 11)
v 3 2
v 4 0
v 5 2
v 9 0
v 10 8
v 11 108
v 12 8
e 3 4 0 
e 4 3 0 
e 4 5 0 
e 4 9 0 
e 5 4 0 
e 9 4 0 
e 9 10 0 
e 9 11 0 
e 9 12 0 
e 10 9 0 
e 11 9 0 
e 12 9 0 
t # 86# (1, 595, 12)
v 3 2
v 4 0
v 5 2
v 9 0
v 10 8
v 11 8
v 12 108
e 3 4 0 
e 4 3 0 
e 4 5 0 
e 4 9 0 
e 5 4 0 
e 9 4 0 
e 9 10 0 
e 9 11 0 
e 9 12 0 
e 10 9 0 
e 11 9 0 
e 12 9 0 
t # 87# (1, 627, 15)
v 7 0
v 8 1
v 9 0
v 10 0
v 12 0
v 13 0
v 14 0
v 15 103
v 16 0
v 17 1
v 18 0
v 19 0
v 20 1
e 7 8 0 
e 7 20 0 
e 8 7 0 
e 8 9 0 
e 9 8 0 
e 9 10 0 
e 9 14 0 
e 10 9 0 
e 12 13 0 
e 13 12 0 
e 13 14 0 
e 14 9 0 
e 14 13 0 
e 14 15 0 
e 15 14 0 
e 15 16 0 
e 16 15 0 
e 16 17 0 
e 16 20 0 
e 17 16 0 
e 17 18 0 
e 18 17 0 
e 18 19 0 
e 19 18 0 
e 19 20 0 
e 20 7 0 
e 20 16 0 
e 20 19 0 
t # 88# (0, 628, 10)
v 4 0
v 5 1
v 6 1
v 7 1
v 8 1
v 9 0
v 10 103
v 11 0
v 12 0
v 13 0
v 17 0
e 4 5 0 
e 5 4 0 
e 5 6 0 
e 5 9 0 
e 6 5 0 
e 6 7 0 
e 7 6 0 
e 7 8 0 
e 8 7 0 
e 8 9 0 
e 9 5 0 
e 9 8 0 
e 9 10 0 
e 10 9 0 
e 10 11 0 
e 11 10 0 
e 11 12 0 
e 12 11 0 
e 12 13 0 
e 12 17 0 
e 13 12 0 
e 17 12 0 
t # 89# (0, 628, 16)
v 11 0
v 12 0
v 13 0
v 14 1
v 15 0
v 16 103
v 17 0
v 18 0
v 19 1
v 29 0
e 11 12 0 
e 12 11 0 
e 12 13 0 
e 12 17 0 
e 13 12 0 
e 13 14 0 
e 14 13 0 
e 14 15 0 
e 14 29 0 
e 15 14 0 
e 15 16 0 
e 15 18 0 
e 16 15 0 
e 16 17 0 
e 17 12 0 
e 17 16 0 
e 18 15 0 
e 18 19 0 
e 18 29 0 
e 19 18 0 
e 29 14 0 
e 29 18 0 
t # 90# (0, 628, 24)
v 20 0
v 22 0
v 23 0
v 24 100
v 25 3
v 26 0
v 27 1
v 28 1
e 20 22 0 
e 22 20 0 
e 22 23 0 
e 23 22 0 
e 23 24 0 
e 23 28 0 
e 24 23 0 
e 24 25 0 
e 25 24 0 
e 25 26 0 
e 26 25 0 
e 26 27 0 
e 26 28 0 
e 27 26 0 
e 28 23 0 
e 28 26 0 
t # 91# (0, 628, 25)
v 22 0
v 23 0
v 24 0
v 25 103
v 26 0
v 27 1
v 28 1
e 22 23 0 
e 23 22 0 
e 23 24 0 
e 23 28 0 
e 24 23 0 
e 24 25 0 
e 25 24 0 
e 25 26 0 
e 26 25 0 
e 26 27 0 
e 26 28 0 
e 27 26 0 
e 28 23 0 
e 28 26 0 
t # 92# (0, 633, 7)
v 3 1
v 4 0
v 5 2
v 6 0
v 7 103
v 8 0
v 9 0
v 10 1
v 11 0
e 3 4 0 
e 4 3 0 
e 4 5 0 
e 4 6 0 
e 5 4 0 
e 6 4 0 
e 6 7 0 
e 7 6 0 
e 7 8 0 
e 8 7 0 
e 8 9 0 
e 9 8 0 
e 9 10 0 
e 9 11 0 
e 10 9 0 
e 11 9 0 
t # 93# (0, 633, 15)
v 1 2
v 2 0
v 3 1
v 14 0
v 15 103
v 16 0
v 17 0
v 18 0
v 19 1
v 20 0
v 25 0
e 1 2 0 
e 2 1 0 
e 2 3 0 
e 2 14 0 
e 2 20 0 
e 3 2 0 
e 14 2 0 
e 14 15 0 
e 14 19 0 
e 15 14 0 
e 15 16 0 
e 16 15 0 
e 16 17 0 
e 17 16 0 
e 17 18 0 
e 17 25 0 
e 18 17 0 
e 18 19 0 
e 19 14 0 
e 19 18 0 
e 19 20 0 
e 20 2 0 
e 20 19 0 
e 25 17 0 
t # 94# (0, 633, 26)
v 32 0
v 16 0
v 17 0
v 18 0
v 25 0
v 26 103
v 27 0
v 28 1
v 29 1
v 30 1
v 31 1
e 32 31 0 
e 16 17 0 
e 17 16 0 
e 17 18 0 
e 17 25 0 
e 18 17 0 
e 25 17 0 
e 25 26 0 
e 26 25 0 
e 26 27 0 
e 27 26 0 
e 27 28 0 
e 27 31 0 
e 28 27 0 
e 28 29 0 
e 29 28 0 
e 29 30 0 
e 30 29 0 
e 30 31 0 
e 31 32 0 
e 31 27 0 
e 31 30 0 
t # 95# (0, 646, 9)
v 4 0
v 5 0
v 6 0
v 7 1
v 8 0
v 9 103
v 10 0
v 11 0
v 12 1
v 28 0
e 4 5 0 
e 5 4 0 
e 5 6 0 
e 5 10 0 
e 6 5 0 
e 6 7 0 
e 7 6 0 
e 7 8 0 
e 7 28 0 
e 8 7 0 
e 8 9 0 
e 8 11 0 
e 9 8 0 
e 9 10 0 
e 10 5 0 
e 10 9 0 
e 11 8 0 
e 11 12 0 
e 11 28 0 
e 12 11 0 
e 28 7 0 
e 28 11 0 
t # 96# (0, 673, 9)
v 6 1
v 7 0
v 8 0
v 9 103
v 10 0
v 11 0
v 12 0
v 13 1
v 14 0
v 19 0
e 6 7 0 
e 7 6 0 
e 7 8 0 
e 7 14 0 
e 8 7 0 
e 8 9 0 
e 8 13 0 
e 9 8 0 
e 9 10 0 
e 10 9 0 
e 10 11 0 
e 11 10 0 
e 11 12 0 
e 11 19 0 
e 12 11 0 
e 12 13 0 
e 13 8 0 
e 13 12 0 
e 13 14 0 
e 14 7 0 
e 14 13 0 
e 19 11 0 
t # 97# (0, 673, 20)
v 10 0
v 11 0
v 12 0
v 19 0
v 20 103
v 21 0
v 22 1
v 23 1
v 24 1
v 25 1
v 26 0
e 10 11 0 
e 11 10 0 
e 11 12 0 
e 11 19 0 
e 12 11 0 
e 19 11 0 
e 19 20 0 
e 20 19 0 
e 20 21 0 
e 21 20 0 
e 21 22 0 
e 21 25 0 
e 22 21 0 
e 22 23 0 
e 23 22 0 
e 23 24 0 
e 24 23 0 
e 24 25 0 
e 25 21 0 
e 25 24 0 
e 25 26 0 
e 26 25 0 
t # 98# (0, 673, 29)
v 32 1
v 3 0
v 27 0
v 28 0
v 29 103
v 30 0
v 31 1
e 32 27 0 
e 32 30 0 
e 3 27 0 
e 27 32 0 
e 27 3 0 
e 27 28 0 
e 28 27 0 
e 28 29 0 
e 29 28 0 
e 29 30 0 
e 30 32 0 
e 30 29 0 
e 30 31 0 
e 31 30 0 
t # 99# (0, 675, 4)
v 1 0
v 2 0
v 3 0
v 4 103
v 5 0
v 6 0
v 7 1
v 15 0
v 17 1
v 18 0
v 19 0
e 1 2 0 
e 2 1 0 
e 2 3 0 
e 2 4 0 
e 2 18 0 
e 3 2 0 
e 4 2 0 
e 4 5 0 
e 5 4 0 
e 5 6 0 
e 5 17 0 
e 6 5 0 
e 6 7 0 
e 6 15 0 
e 7 6 0 
e 15 6 0 
e 15 17 0 
e 17 5 0 
e 17 15 0 
e 17 18 0 
e 18 2 0 
e 18 17 0 
e 18 19 0 
e 19 18 0 
t # 100# (0, 678, 4)
v 1 0
v 2 3
v 3 0
v 4 103
v 5 0
v 6 0
v 7 0
v 11 0
v 30 1
v 31 1
e 1 2 0 
e 1 31 0 
e 2 1 0 
e 2 3 0 
e 3 2 0 
e 3 4 0 
e 3 30 0 
e 4 3 0 
e 4 5 0 
e 5 4 0 
e 5 6 0 
e 6 5 0 
e 6 7 0 
e 6 11 0 
e 7 6 0 
e 11 6 0 
e 30 3 0 
e 30 31 0 
e 31 1 0 
e 31 30 0 
t # 101# (0, 678, 10)
v 5 0
v 6 0
v 7 0
v 8 1
v 9 0
v 10 103
v 11 0
v 12 0
v 13 1
v 25 0
e 5 6 0 
e 6 5 0 
e 6 7 0 
e 6 11 0 
e 7 6 0 
e 7 8 0 
e 8 7 0 
e 8 9 0 
e 8 25 0 
e 9 8 0 
e 9 10 0 
e 9 12 0 
e 10 9 0 
e 10 11 0 
e 11 6 0 
e 11 10 0 
e 12 9 0 
e 12 13 0 
e 12 25 0 
e 13 12 0 
e 25 8 0 
e 25 12 0 
t # 102# (0, 683, 2)
v 0 1
v 1 0
v 2 100
v 3 3
v 4 0
v 5 1
v 9 0
v 10 0
v 14 0
e 0 1 0 
e 0 4 0 
e 1 0 0 
e 1 2 0 
e 1 9 0 
e 2 1 0 
e 2 3 0 
e 3 2 0 
e 3 4 0 
e 4 0 0 
e 4 3 0 
e 4 5 0 
e 5 4 0 
e 9 1 0 
e 9 10 0 
e 9 14 0 
e 10 9 0 
e 14 9 0 
t # 103# (0, 701, 7)
v 2 0
v 3 0
v 4 0
v 5 1
v 6 0
v 7 103
v 8 0
v 9 0
v 10 1
v 22 0
e 2 3 0 
e 3 2 0 
e 3 4 0 
e 3 8 0 
e 4 3 0 
e 4 5 0 
e 5 4 0 
e 5 6 0 
e 5 22 0 
e 6 5 0 
e 6 7 0 
e 6 9 0 
e 7 6 0 
e 7 8 0 
e 8 3 0 
e 8 7 0 
e 9 6 0 
e 9 10 0 
e 9 22 0 
e 10 9 0 
e 22 5 0 
e 22 9 0 
t # 104# (0, 701, 18)
v 13 0
v 16 0
v 17 0
v 18 103
v 19 0
v 20 1
v 21 1
e 13 16 0 
e 16 13 0 
e 16 17 0 
e 16 21 0 
e 17 16 0 
e 17 18 0 
e 18 17 0 
e 18 19 0 
e 19 18 0 
e 19 20 0 
e 19 21 0 
e 20 19 0 
e 21 16 0 
e 21 19 0 
t # 105# (1, 715, 2)
v 0 0
v 1 0
v 2 100
v 3 3
v 4 0
v 5 1
v 6 1
e 0 1 0 
e 1 0 0 
e 1 2 0 
e 1 5 0 
e 2 1 0 
e 2 3 0 
e 3 2 0 
e 3 4 0 
e 4 3 0 
e 4 5 0 
e 4 6 0 
e 5 1 0 
e 5 4 0 
e 6 4 0 
t # 106# (0, 740, 5)
v 0 0
v 1 0
v 2 0
v 3 1
v 4 0
v 5 103
v 6 0
v 7 0
v 8 1
v 21 0
e 0 1 0 
e 1 0 0 
e 1 2 0 
e 1 6 0 
e 2 1 0 
e 2 3 0 
e 3 2 0 
e 3 4 0 
e 3 21 0 
e 4 3 0 
e 4 5 0 
e 4 7 0 
e 5 4 0 
e 5 6 0 
e 6 1 0 
e 6 5 0 
e 7 4 0 
e 7 8 0 
e 7 21 0 
e 8 7 0 
e 21 3 0 
e 21 7 0 
t # 107# (1, 762, 14)
v 0 0
v 5 0
v 6 0
v 7 0
v 8 0
v 9 0
v 13 0
v 14 103
v 15 0
v 16 1
v 17 1
v 18 0
e 0 6 0 
e 5 6 0 
e 5 16 0 
e 6 0 0 
e 6 5 0 
e 6 7 0 
e 7 6 0 
e 7 8 0 
e 7 14 0 
e 8 7 0 
e 8 9 0 
e 8 13 0 
e 9 8 0 
e 13 8 0 
e 14 7 0 
e 14 15 0 
e 15 14 0 
e 15 16 0 
e 15 17 0 
e 16 5 0 
e 16 15 0 
e 17 15 0 
e 17 18 0 
e 18 17 0 
t # 108# (0, 779, 16)
v 6 0
v 7 0
v 8 0
v 15 3
v 16 100
v 17 0
v 18 1
v 19 0
e 6 7 0 
e 7 6 0 
e 7 8 0 
e 7 15 0 
e 8 7 0 
e 15 7 0 
e 15 16 0 
e 16 15 0 
e 16 17 0 
e 17 16 0 
e 17 18 0 
e 18 17 0 
e 18 19 0 
e 19 18 0 
t # 109# (0, 780, 17)
v 6 0
v 15 0
v 16 0
v 17 103
v 18 0
v 19 1
v 20 1
e 6 15 0 
e 15 6 0 
e 15 16 0 
e 15 20 0 
e 16 15 0 
e 16 17 0 
e 17 16 0 
e 17 18 0 
e 18 17 0 
e 18 19 0 
e 18 20 0 
e 19 18 0 
e 20 15 0 
e 20 18 0 
t # 110# (0, 797, 3)
v 0 0
v 1 0
v 2 0
v 3 103
v 4 0
v 32 0
v 5 0
v 33 0
v 6 1
v 29 0
v 31 1
e 0 1 0 
e 1 0 0 
e 1 2 0 
e 1 3 0 
e 1 32 0 
e 2 1 0 
e 3 1 0 
e 3 4 0 
e 4 3 0 
e 4 5 0 
e 4 31 0 
e 32 1 0 
e 32 31 0 
e 32 33 0 
e 5 4 0 
e 5 6 0 
e 5 29 0 
e 33 32 0 
e 6 5 0 
e 29 5 0 
e 29 31 0 
e 31 4 0 
e 31 32 0 
e 31 29 0 
t # 111# (0, 803, 12)
v 9 0
v 10 1
v 11 0
v 12 100
v 13 3
v 14 0
v 15 0
e 9 10 0 
e 10 9 0 
e 10 11 0 
e 11 10 0 
e 11 12 0 
e 12 11 0 
e 12 13 0 
e 13 12 0 
e 13 14 0 
e 14 13 0 
e 14 15 0 
e 15 14 0 
t # 112# (1, 817, 13)
v 10 0
v 11 0
v 12 0
v 13 103
v 14 0
v 15 1
v 16 0
v 18 0
v 19 0
v 20 0
e 10 11 0 
e 11 10 0 
e 11 12 0 
e 11 20 0 
e 12 11 0 
e 12 13 0 
e 13 12 0 
e 13 14 0 
e 14 13 0 
e 14 15 0 
e 14 19 0 
e 15 14 0 
e 15 16 0 
e 16 15 0 
e 18 19 0 
e 19 14 0 
e 19 18 0 
e 20 11 0 
t # 113# (0, 844, 3)
v 0 0
v 1 0
v 2 0
v 3 103
v 4 0
v 5 0
v 6 1
v 17 0
v 19 1
v 20 0
v 21 0
e 0 1 0 
e 1 0 0 
e 1 2 0 
e 1 3 0 
e 1 20 0 
e 2 1 0 
e 3 1 0 
e 3 4 0 
e 4 3 0 
e 4 5 0 
e 4 19 0 
e 5 4 0 
e 5 6 0 
e 5 17 0 
e 6 5 0 
e 17 5 0 
e 17 19 0 
e 19 4 0 
e 19 17 0 
e 19 20 0 
e 20 1 0 
e 20 19 0 
e 20 21 0 
e 21 20 0 
t # 114# (0, 852, 5)
v 2 0
v 3 1
v 4 0
v 5 100
v 6 3
v 7 0
v 8 0
e 2 3 0 
e 3 2 0 
e 3 4 0 
e 4 3 0 
e 4 5 0 
e 5 4 0 
e 5 6 0 
e 6 5 0 
e 6 7 0 
e 7 6 0 
e 7 8 0 
e 8 7 0 
t # 115# (0, 856, 9)
v 6 0
v 7 0
v 8 3
v 9 100
v 10 0
v 11 1
v 12 0
e 6 7 0 
e 7 6 0 
e 7 8 0 
e 8 7 0 
e 8 9 0 
e 9 8 0 
e 9 10 0 
e 10 9 0 
e 10 11 0 
e 11 10 0 
e 11 12 0 
e 12 11 0 
t # 116# (0, 859, 9)
v 4 0
v 6 0
v 7 1
v 8 0
v 9 100
v 10 3
v 11 0
v 12 2
v 13 1
e 4 6 0 
e 6 4 0 
e 6 7 0 
e 6 10 0 
e 7 6 0 
e 7 8 0 
e 8 7 0 
e 8 9 0 
e 8 11 0 
e 9 8 0 
e 9 10 0 
e 10 6 0 
e 10 9 0 
e 11 8 0 
e 11 12 0 
e 11 13 0 
e 12 11 0 
e 13 11 0 
t # 117# (1, 861, 12)
v 8 2
v 9 0
v 10 2
v 11 0
v 12 108
v 13 8
v 14 8
e 8 9 0 
e 9 8 0 
e 9 10 0 
e 9 11 0 
e 10 9 0 
e 11 9 0 
e 11 12 0 
e 11 13 0 
e 11 14 0 
e 12 11 0 
e 13 11 0 
e 14 11 0 
t # 118# (1, 861, 13)
v 8 2
v 9 0
v 10 2
v 11 0
v 12 8
v 13 108
v 14 8
e 8 9 0 
e 9 8 0 
e 9 10 0 
e 9 11 0 
e 10 9 0 
e 11 9 0 
e 11 12 0 
e 11 13 0 
e 11 14 0 
e 12 11 0 
e 13 11 0 
e 14 11 0 
t # 119# (1, 861, 14)
v 8 2
v 9 0
v 10 2
v 11 0
v 12 8
v 13 8
v 14 108
e 8 9 0 
e 9 8 0 
e 9 10 0 
e 9 11 0 
e 10 9 0 
e 11 9 0 
e 11 12 0 
e 11 13 0 
e 11 14 0 
e 12 11 0 
e 13 11 0 
e 14 11 0 
t # 120# (1, 861, 31)
v 32 8
v 33 8
v 27 2
v 28 0
v 29 2
v 30 0
v 31 108
e 32 30 0 
e 33 30 0 
e 27 28 0 
e 28 27 0 
e 28 29 0 
e 28 30 0 
e 29 28 0 
e 30 32 0 
e 30 33 0 
e 30 28 0 
e 30 31 0 
e 31 30 0 
t # 121# (1, 861, 32)
v 32 108
v 33 8
v 27 2
v 28 0
v 29 2
v 30 0
v 31 8
e 32 30 0 
e 33 30 0 
e 27 28 0 
e 28 27 0 
e 28 29 0 
e 28 30 0 
e 29 28 0 
e 30 32 0 
e 30 33 0 
e 30 28 0 
e 30 31 0 
e 31 30 0 
t # 122# (1, 861, 33)
v 32 8
v 33 108
v 27 2
v 28 0
v 29 2
v 30 0
v 31 8
e 32 30 0 
e 33 30 0 
e 27 28 0 
e 28 27 0 
e 28 29 0 
e 28 30 0 
e 29 28 0 
e 30 32 0 
e 30 33 0 
e 30 28 0 
e 30 31 0 
e 31 30 0 
t # 123# (1, 861, 40)
v 36 2
v 37 0
v 38 2
v 39 0
v 40 108
v 41 8
v 42 8
e 36 37 0 
e 37 36 0 
e 37 38 0 
e 37 39 0 
e 38 37 0 
e 39 37 0 
e 39 40 0 
e 39 41 0 
e 39 42 0 
e 40 39 0 
e 41 39 0 
e 42 39 0 
t # 124# (1, 861, 41)
v 36 2
v 37 0
v 38 2
v 39 0
v 40 8
v 41 108
v 42 8
e 36 37 0 
e 37 36 0 
e 37 38 0 
e 37 39 0 
e 38 37 0 
e 39 37 0 
e 39 40 0 
e 39 41 0 
e 39 42 0 
e 40 39 0 
e 41 39 0 
e 42 39 0 
t # 125# (1, 861, 42)
v 36 2
v 37 0
v 38 2
v 39 0
v 40 8
v 41 8
v 42 108
e 36 37 0 
e 37 36 0 
e 37 38 0 
e 37 39 0 
e 38 37 0 
e 39 37 0 
e 39 40 0 
e 39 41 0 
e 39 42 0 
e 40 39 0 
e 41 39 0 
e 42 39 0 
t # 126# (1, 861, 56)
v 52 2
v 53 0
v 54 2
v 55 0
v 56 108
v 57 8
v 58 8
e 52 53 0 
e 53 52 0 
e 53 54 0 
e 53 55 0 
e 54 53 0 
e 55 53 0 
e 55 56 0 
e 55 57 0 
e 55 58 0 
e 56 55 0 
e 57 55 0 
e 58 55 0 
t # 127# (1, 861, 57)
v 52 2
v 53 0
v 54 2
v 55 0
v 56 8
v 57 108
v 58 8
e 52 53 0 
e 53 52 0 
e 53 54 0 
e 53 55 0 
e 54 53 0 
e 55 53 0 
e 55 56 0 
e 55 57 0 
e 55 58 0 
e 56 55 0 
e 57 55 0 
e 58 55 0 
t # 128# (1, 861, 58)
v 52 2
v 53 0
v 54 2
v 55 0
v 56 8
v 57 8
v 58 108
e 52 53 0 
e 53 52 0 
e 53 54 0 
e 53 55 0 
e 54 53 0 
e 55 53 0 
e 55 56 0 
e 55 57 0 
e 55 58 0 
e 56 55 0 
e 57 55 0 
e 58 55 0 
t # 129# (0, 868, 3)
v 0 0
v 1 0
v 2 0
v 3 103
v 4 0
v 5 0
v 6 1
v 17 0
v 19 1
v 20 0
v 21 0
e 0 1 0 
e 1 0 0 
e 1 2 0 
e 1 3 0 
e 1 20 0 
e 2 1 0 
e 3 1 0 
e 3 4 0 
e 4 3 0 
e 4 5 0 
e 4 19 0 
e 5 4 0 
e 5 6 0 
e 5 17 0 
e 6 5 0 
e 17 5 0 
e 17 19 0 
e 19 4 0 
e 19 17 0 
e 19 20 0 
e 20 1 0 
e 20 19 0 
e 20 21 0 
e 21 20 0 
t # 130# (1, 895, 1)
v 0 3
v 1 100
v 2 0
v 3 1
v 4 0
v 5 1
v 9 0
e 0 1 0 
e 0 4 0 
e 1 0 0 
e 1 2 0 
e 2 1 0 
e 2 3 0 
e 2 9 0 
e 3 2 0 
e 3 4 0 
e 4 0 0 
e 4 3 0 
e 4 5 0 
e 5 4 0 
e 9 2 0 
t # 131# (1, 909, 7)
v 2 3
v 5 0
v 6 0
v 7 103
e 2 5 0 
e 5 2 0 
e 5 6 0 
e 6 5 0 
e 6 7 0 
e 7 6 0 
t # 132# (0, 911, 4)
v 2 1
v 3 0
v 4 103
v 5 0
v 6 0
v 7 1
v 8 0
e 2 3 0 
e 3 2 0 
e 3 4 0 
e 3 7 0 
e 4 3 0 
e 4 5 0 
e 5 4 0 
e 5 6 0 
e 6 5 0 
e 6 7 0 
e 6 8 0 
e 7 3 0 
e 7 6 0 
e 8 6 0 
t # 133# (0, 911, 5)
v 2 1
v 3 0
v 4 3
v 5 100
v 6 0
v 7 1
v 8 0
v 9 0
v 14 0
e 2 3 0 
e 3 2 0 
e 3 4 0 
e 3 7 0 
e 4 3 0 
e 4 5 0 
e 5 4 0 
e 5 6 0 
e 6 5 0 
e 6 7 0 
e 6 8 0 
e 7 3 0 
e 7 6 0 
e 8 6 0 
e 8 9 0 
e 8 14 0 
e 9 8 0 
e 14 8 0 
t # 134# (0, 911, 19)
v 16 1
v 17 0
v 18 0
v 19 103
v 20 0
v 21 0
v 22 0
v 23 1
v 24 0
e 16 17 0 
e 17 16 0 
e 17 18 0 
e 17 24 0 
e 18 17 0 
e 18 19 0 
e 18 23 0 
e 19 18 0 
e 19 20 0 
e 20 19 0 
e 20 21 0 
e 21 20 0 
e 21 22 0 
e 22 21 0 
e 22 23 0 
e 23 18 0 
e 23 22 0 
e 23 24 0 
e 24 17 0 
e 24 23 0 
t # 135# (0, 922, 8)
v 3 0
v 4 0
v 5 0
v 6 1
v 7 0
v 8 103
v 9 0
v 10 0
v 11 1
v 24 0
e 3 4 0 
e 4 3 0 
e 4 5 0 
e 4 9 0 
e 5 4 0 
e 5 6 0 
e 6 5 0 
e 6 7 0 
e 6 24 0 
e 7 6 0 
e 7 8 0 
e 7 10 0 
e 8 7 0 
e 8 9 0 
e 9 4 0 
e 9 8 0 
e 10 7 0 
e 10 11 0 
e 10 24 0 
e 11 10 0 
e 24 6 0 
e 24 10 0 
t # 136# (0, 922, 20)
v 14 0
v 18 0
v 19 0
v 20 103
v 21 0
v 22 1
v 23 1
e 14 18 0 
e 18 14 0 
e 18 19 0 
e 18 23 0 
e 19 18 0 
e 19 20 0 
e 20 19 0 
e 20 21 0 
e 21 20 0 
e 21 22 0 
e 21 23 0 
e 22 21 0 
e 23 18 0 
e 23 21 0 
t # 137# (0, 931, 14)
v 9 0
v 11 0
v 12 1
v 13 0
v 14 103
v 15 0
v 16 0
v 17 0
v 18 0
v 19 1
v 28 0
e 9 11 0 
e 11 9 0 
e 11 12 0 
e 11 15 0 
e 12 11 0 
e 12 13 0 
e 12 28 0 
e 13 12 0 
e 13 14 0 
e 13 18 0 
e 14 13 0 
e 14 15 0 
e 15 11 0 
e 15 14 0 
e 15 16 0 
e 15 17 0 
e 16 15 0 
e 17 15 0 
e 18 13 0 
e 18 19 0 
e 18 28 0 
e 19 18 0 
e 28 12 0 
e 28 18 0 
t # 138# (0, 933, 3)
v 0 0
v 1 0
v 2 0
v 3 103
v 4 0
v 5 0
v 6 1
v 17 0
v 19 1
v 20 0
v 21 0
e 0 1 0 
e 1 0 0 
e 1 2 0 
e 1 3 0 
e 1 20 0 
e 2 1 0 
e 3 1 0 
e 3 4 0 
e 4 3 0 
e 4 5 0 
e 4 19 0 
e 5 4 0 
e 5 6 0 
e 5 17 0 
e 6 5 0 
e 17 5 0 
e 17 19 0 
e 19 4 0 
e 19 17 0 
e 19 20 0 
e 20 1 0 
e 20 19 0 
e 20 21 0 
e 21 20 0 
t # 139# (0, 939, 11)
v 8 1
v 9 0
v 10 0
v 11 103
v 12 0
v 13 0
v 14 0
v 15 0
v 16 1
v 17 0
v 19 0
e 8 9 0 
e 9 8 0 
e 9 10 0 
e 9 17 0 
e 10 9 0 
e 10 11 0 
e 10 16 0 
e 11 10 0 
e 11 12 0 
e 12 11 0 
e 12 13 0 
e 12 14 0 
e 12 15 0 
e 13 12 0 
e 14 12 0 
e 15 12 0 
e 15 16 0 
e 15 19 0 
e 16 10 0 
e 16 15 0 
e 16 17 0 
e 17 9 0 
e 17 16 0 
e 19 15 0 
t # 140# (1, 948, 1)
v 0 0
v 1 103
v 2 0
v 3 0
v 4 1
v 6 1
v 7 0
v 8 1
v 19 8
e 0 1 0 
e 1 0 0 
e 1 2 0 
e 2 1 0 
e 2 3 0 
e 2 7 0 
e 3 2 0 
e 3 4 0 
e 3 19 0 
e 4 3 0 
e 6 7 0 
e 7 2 0 
e 7 6 0 
e 7 8 0 
e 8 7 0 
e 19 3 0 
t # 141# (1, 948, 2)
v 0 0
v 1 3
v 2 100
v 3 0
v 4 1
v 5 0
v 6 1
v 7 0
v 8 1
v 9 0
v 14 0
v 19 8
e 0 1 0 
e 1 0 0 
e 1 2 0 
e 2 1 0 
e 2 3 0 
e 2 7 0 
e 3 2 0 
e 3 4 0 
e 3 19 0 
e 4 3 0 
e 4 5 0 
e 5 4 0 
e 5 6 0 
e 6 5 0 
e 6 7 0 
e 7 2 0 
e 7 6 0 
e 7 8 0 
e 8 7 0 
e 8 9 0 
e 8 14 0 
e 9 8 0 
e 14 8 0 
e 19 3 0 
t # 142# (0, 957, 16)
v 1 2
v 2 0
v 3 1
v 15 0
v 16 103
v 17 0
v 18 0
v 19 0
v 20 0
v 21 1
v 22 0
v 24 0
e 1 2 0 
e 2 1 0 
e 2 3 0 
e 2 15 0 
e 2 22 0 
e 3 2 0 
e 15 2 0 
e 15 16 0 
e 15 21 0 
e 16 15 0 
e 16 17 0 
e 17 16 0 
e 17 18 0 
e 17 19 0 
e 17 20 0 
e 18 17 0 
e 19 17 0 
e 20 17 0 
e 20 21 0 
e 20 24 0 
e 21 15 0 
e 21 20 0 
e 21 22 0 
e 22 2 0 
e 22 21 0 
e 24 20 0 
t # 143# (0, 958, 11)
v 8 1
v 9 0
v 10 0
v 11 103
v 12 0
v 13 0
v 14 0
v 15 0
v 16 1
v 17 0
v 19 0
e 8 9 0 
e 9 8 0 
e 9 10 0 
e 9 17 0 
e 10 9 0 
e 10 11 0 
e 10 16 0 
e 11 10 0 
e 11 12 0 
e 12 11 0 
e 12 13 0 
e 12 14 0 
e 12 15 0 
e 13 12 0 
e 14 12 0 
e 15 12 0 
e 15 16 0 
e 15 19 0 
e 16 10 0 
e 16 15 0 
e 16 17 0 
e 17 9 0 
e 17 16 0 
e 19 15 0 
t # 144# (0, 961, 5)
v 0 0
v 1 0
v 2 0
v 3 1
v 4 0
v 5 103
v 6 0
v 7 0
v 8 1
v 24 0
e 0 1 0 
e 1 0 0 
e 1 2 0 
e 1 6 0 
e 2 1 0 
e 2 3 0 
e 3 2 0 
e 3 4 0 
e 3 24 0 
e 4 3 0 
e 4 5 0 
e 4 7 0 
e 5 4 0 
e 5 6 0 
e 6 1 0 
e 6 5 0 
e 7 4 0 
e 7 8 0 
e 7 24 0 
e 8 7 0 
e 24 3 0 
e 24 7 0 
t # 145# (0, 968, 0)
v 0 103
v 1 0
v 2 1
v 3 0
v 4 0
v 5 0
v 6 0
v 9 3
v 13 2
v 14 0
v 15 0
e 0 1 0 
e 0 4 0 
e 1 0 0 
e 1 2 0 
e 1 15 0 
e 2 1 0 
e 2 3 0 
e 2 14 0 
e 3 2 0 
e 3 4 0 
e 4 0 0 
e 4 3 0 
e 4 5 0 
e 4 13 0 
e 5 4 0 
e 5 6 0 
e 5 9 0 
e 6 5 0 
e 9 5 0 
e 13 4 0 
e 14 2 0 
e 14 15 0 
e 15 1 0 
e 15 14 0 
t # 146# (0, 968, 9)
v 0 3
v 3 0
v 4 0
v 5 0
v 6 0
v 7 1
v 8 0
v 9 103
v 10 0
v 11 0
v 13 2
e 0 4 0 
e 3 4 0 
e 4 0 0 
e 4 3 0 
e 4 5 0 
e 4 13 0 
e 5 4 0 
e 5 6 0 
e 5 9 0 
e 6 5 0 
e 6 7 0 
e 7 6 0 
e 7 8 0 
e 7 11 0 
e 8 7 0 
e 8 9 0 
e 8 10 0 
e 9 5 0 
e 9 8 0 
e 10 8 0 
e 10 11 0 
e 11 7 0 
e 11 10 0 
e 13 4 0 
t # 147# (0, 968, 13)
v 0 3
v 1 0
v 2 1
v 3 0
v 4 0
v 5 0
v 6 0
v 9 3
v 13 102
e 0 1 0 
e 0 4 0 
e 1 0 0 
e 1 2 0 
e 2 1 0 
e 2 3 0 
e 3 2 0 
e 3 4 0 
e 4 0 0 
e 4 3 0 
e 4 5 0 
e 4 13 0 
e 5 4 0 
e 5 6 0 
e 5 9 0 
e 6 5 0 
e 9 5 0 
e 13 4 0 
t # 148# (0, 978, 11)
v 1 0
v 9 0
v 10 3
v 11 100
v 12 0
v 13 1
v 14 0
e 1 9 0 
e 9 1 0 
e 9 10 0 
e 10 9 0 
e 10 11 0 
e 11 10 0 
e 11 12 0 
e 12 11 0 
e 12 13 0 
e 13 12 0 
e 13 14 0 
e 14 13 0 
t # 149# (0, 982, 3)
v 0 0
v 1 0
v 2 0
v 3 103
v 4 0
v 33 0
v 5 0
v 32 1
v 34 0
v 6 1
v 30 0
e 0 1 0 
e 1 0 0 
e 1 2 0 
e 1 3 0 
e 1 33 0 
e 2 1 0 
e 3 1 0 
e 3 4 0 
e 4 3 0 
e 4 5 0 
e 4 32 0 
e 33 1 0 
e 33 32 0 
e 33 34 0 
e 5 4 0 
e 5 6 0 
e 5 30 0 
e 32 4 0 
e 32 33 0 
e 32 30 0 
e 34 33 0 
e 6 5 0 
e 30 5 0 
e 30 32 0 
t # 150# (0, 992, 9)
v 6 1
v 7 0
v 8 0
v 9 103
v 10 0
v 11 0
v 12 0
v 13 1
v 14 0
v 19 0
e 6 7 0 
e 7 6 0 
e 7 8 0 
e 7 14 0 
e 8 7 0 
e 8 9 0 
e 8 13 0 
e 9 8 0 
e 9 10 0 
e 10 9 0 
e 10 11 0 
e 11 10 0 
e 11 12 0 
e 11 19 0 
e 12 11 0 
e 12 13 0 
e 13 8 0 
e 13 12 0 
e 13 14 0 
e 14 7 0 
e 14 13 0 
e 19 11 0 
t # 151# (0, 992, 29)
v 32 1
v 3 0
v 27 0
v 28 0
v 29 103
v 30 0
v 31 1
e 32 27 0 
e 32 30 0 
e 3 27 0 
e 27 32 0 
e 27 3 0 
e 27 28 0 
e 28 27 0 
e 28 29 0 
e 29 28 0 
e 29 30 0 
e 30 32 0 
e 30 29 0 
e 30 31 0 
e 31 30 0 
t # 152# (0, 1000, 3)
v 0 0
v 1 0
v 2 0
v 3 103
v 4 0
v 5 0
v 6 1
v 18 0
v 20 1
v 21 0
v 22 0
e 0 1 0 
e 1 0 0 
e 1 2 0 
e 1 3 0 
e 1 21 0 
e 2 1 0 
e 3 1 0 
e 3 4 0 
e 4 3 0 
e 4 5 0 
e 4 20 0 
e 5 4 0 
e 5 6 0 
e 5 18 0 
e 6 5 0 
e 18 5 0 
e 18 20 0 
e 20 4 0 
e 20 18 0 
e 20 21 0 
e 21 1 0 
e 21 20 0 
e 21 22 0 
e 22 21 0 
t # 153# (0, 1002, 15)
v 4 1
v 5 0
v 6 0
v 8 0
v 9 1
v 13 0
v 14 9
v 15 100
v 16 0
v 17 2
v 18 2
v 19 0
v 20 9
e 4 5 0 
e 5 4 0 
e 5 6 0 
e 5 19 0 
e 6 5 0 
e 6 8 0 
e 8 6 0 
e 8 9 0 
e 8 13 0 
e 9 8 0 
e 13 8 0 
e 13 14 0 
e 13 15 0 
e 14 13 0 
e 15 13 0 
e 15 16 0 
e 15 19 0 
e 16 15 0 
e 16 17 0 
e 16 18 0 
e 17 16 0 
e 18 16 0 
e 19 5 0 
e 19 15 0 
e 19 20 0 
e 20 19 0 
t # 154# (1, 1011, 6)
v 0 0
v 1 0
v 2 0
v 3 1
v 4 0
v 6 100
v 7 3
v 8 0
v 9 0
v 18 5
e 0 1 0 
e 1 0 0 
e 1 2 0 
e 1 18 0 
e 2 1 0 
e 2 3 0 
e 2 6 0 
e 3 2 0 
e 3 4 0 
e 4 3 0 
e 6 2 0 
e 6 7 0 
e 7 6 0 
e 7 8 0 
e 8 7 0 
e 8 9 0 
e 9 8 0 
e 18 1 0 
t # 155# (1, 1011, 7)
v 1 0
v 2 0
v 3 1
v 6 0
v 7 103
v 8 0
v 9 0
v 10 1
e 1 2 0 
e 2 1 0 
e 2 3 0 
e 2 6 0 
e 3 2 0 
e 6 2 0 
e 6 7 0 
e 7 6 0 
e 7 8 0 
e 8 7 0 
e 8 9 0 
e 9 8 0 
e 9 10 0 
e 10 9 0 
t # 156# (1, 1011, 8)
v 2 0
v 6 0
v 7 3
v 8 100
v 9 0
v 10 1
v 11 0
e 2 6 0 
e 6 2 0 
e 6 7 0 
e 7 6 0 
e 7 8 0 
e 8 7 0 
e 8 9 0 
e 9 8 0 
e 9 10 0 
e 10 9 0 
e 10 11 0 
e 11 10 0 
t # 157# (0, 1025, 6)
v 0 0
v 1 1
v 2 1
v 3 1
v 4 1
v 5 0
v 6 103
v 7 0
v 8 0
v 9 0
v 13 0
e 0 1 0 
e 1 0 0 
e 1 2 0 
e 1 5 0 
e 2 1 0 
e 2 3 0 
e 3 2 0 
e 3 4 0 
e 4 3 0 
e 4 5 0 
e 5 1 0 
e 5 4 0 
e 5 6 0 
e 6 5 0 
e 6 7 0 
e 7 6 0 
e 7 8 0 
e 8 7 0 
e 8 9 0 
e 8 13 0 
e 9 8 0 
e 13 8 0 
t # 158# (0, 1025, 12)
v 37 0
v 7 0
v 8 0
v 9 0
v 10 1
v 11 0
v 12 103
v 13 0
v 14 0
v 15 1
e 37 10 0 
e 37 14 0 
e 7 8 0 
e 8 7 0 
e 8 9 0 
e 8 13 0 
e 9 8 0 
e 9 10 0 
e 10 37 0 
e 10 9 0 
e 10 11 0 
e 11 10 0 
e 11 12 0 
e 11 14 0 
e 12 11 0 
e 12 13 0 
e 13 8 0 
e 13 12 0 
e 14 37 0 
e 14 11 0 
e 14 15 0 
e 15 14 0 
t # 159# (0, 1038, 4)
v 32 1
v 1 0
v 2 3
v 3 0
v 4 103
v 5 0
v 6 0
v 7 0
v 11 0
v 31 1
e 32 1 0 
e 32 31 0 
e 1 32 0 
e 1 2 0 
e 2 1 0 
e 2 3 0 
e 3 2 0 
e 3 4 0 
e 3 31 0 
e 4 3 0 
e 4 5 0 
e 5 4 0 
e 5 6 0 
e 6 5 0 
e 6 7 0 
e 6 11 0 
e 7 6 0 
e 11 6 0 
e 31 32 0 
e 31 3 0 
t # 160# (0, 1038, 10)
v 5 0
v 6 0
v 7 0
v 8 1
v 9 0
v 10 103
v 11 0
v 12 0
v 13 1
v 26 0
e 5 6 0 
e 6 5 0 
e 6 7 0 
e 6 11 0 
e 7 6 0 
e 7 8 0 
e 8 7 0 
e 8 9 0 
e 8 26 0 
e 9 8 0 
e 9 10 0 
e 9 12 0 
e 10 9 0 
e 10 11 0 
e 11 6 0 
e 11 10 0 
e 12 9 0 
e 12 13 0 
e 12 26 0 
e 13 12 0 
e 26 8 0 
e 26 12 0 
t # 161# (0, 1041, 3)
v 0 0
v 1 0
v 2 0
v 3 103
v 4 0
v 5 0
v 6 1
v 39 0
v 41 1
v 42 0
v 43 0
e 0 1 0 
e 1 0 0 
e 1 2 0 
e 1 3 0 
e 1 42 0 
e 2 1 0 
e 3 1 0 
e 3 4 0 
e 4 3 0 
e 4 5 0 
e 4 41 0 
e 5 4 0 
e 5 6 0 
e 5 39 0 
e 6 5 0 
e 39 5 0 
e 39 41 0 
e 41 4 0 
e 41 39 0 
e 41 42 0 
e 42 1 0 
e 42 41 0 
e 42 43 0 
e 43 42 0 
t # 162# (0, 1042, 29)
v 32 1
v 33 1
v 34 1
v 35 0
v 19 0
v 20 0
v 21 0
v 28 0
v 29 103
v 30 0
v 31 1
e 32 31 0 
e 32 33 0 
e 33 32 0 
e 33 34 0 
e 34 33 0 
e 34 30 0 
e 34 35 0 
e 35 34 0 
e 19 20 0 
e 20 19 0 
e 20 21 0 
e 20 28 0 
e 21 20 0 
e 28 20 0 
e 28 29 0 
e 29 28 0 
e 29 30 0 
e 30 34 0 
e 30 29 0 
e 30 31 0 
e 31 32 0 
e 31 30 0 
t # 163# (0, 1049, 11)
v 6 0
v 7 0
v 8 0
v 9 1
v 10 0
v 11 103
v 12 0
v 13 0
v 14 1
v 25 0
e 6 7 0 
e 7 6 0 
e 7 8 0 
e 7 12 0 
e 8 7 0 
e 8 9 0 
e 9 8 0 
e 9 10 0 
e 9 25 0 
e 10 9 0 
e 10 11 0 
e 10 13 0 
e 11 10 0 
e 11 12 0 
e 12 7 0 
e 12 11 0 
e 13 10 0 
e 13 14 0 
e 13 25 0 
e 14 13 0 
e 25 9 0 
e 25 13 0 
t # 164# (0, 1052, 9)
v 6 1
v 7 0
v 8 0
v 9 103
v 10 0
v 11 0
v 12 0
v 13 1
v 14 0
v 19 0
e 6 7 0 
e 7 6 0 
e 7 8 0 
e 7 14 0 
e 8 7 0 
e 8 9 0 
e 8 13 0 
e 9 8 0 
e 9 10 0 
e 10 9 0 
e 10 11 0 
e 11 10 0 
e 11 12 0 
e 11 19 0 
e 12 11 0 
e 12 13 0 
e 13 8 0 
e 13 12 0 
e 13 14 0 
e 14 7 0 
e 14 13 0 
e 19 11 0 
t # 165# (1, 1064, 18)
v 7 0
v 15 0
v 16 1
v 17 0
v 18 100
v 19 3
v 20 0
v 21 0
e 7 20 0 
e 15 16 0 
e 16 15 0 
e 16 17 0 
e 16 21 0 
e 17 16 0 
e 17 18 0 
e 18 17 0 
e 18 19 0 
e 19 18 0 
e 19 20 0 
e 20 7 0 
e 20 19 0 
e 20 21 0 
e 21 16 0 
e 21 20 0 
t # 166# (1, 1064, 19)
v 4 1
v 7 0
v 8 0
v 11 0
v 16 1
v 17 0
v 18 0
v 19 103
v 20 0
v 21 0
e 4 7 0 
e 7 4 0 
e 7 8 0 
e 7 20 0 
e 8 7 0 
e 11 21 0 
e 16 17 0 
e 16 21 0 
e 17 16 0 
e 17 18 0 
e 18 17 0 
e 18 19 0 
e 19 18 0 
e 19 20 0 
e 20 7 0 
e 20 19 0 
e 20 21 0 
e 21 11 0 
e 21 16 0 
e 21 20 0 
t # 167# (0, 1070, 16)
v 10 0
v 14 1
v 15 0
v 16 100
v 17 3
v 18 0
v 19 0
e 10 14 0 
e 14 10 0 
e 14 15 0 
e 15 14 0 
e 15 16 0 
e 16 15 0 
e 16 17 0 
e 17 16 0 
e 17 18 0 
e 18 17 0 
e 18 19 0 
e 19 18 0 
t # 168# (0, 1098, 5)
v 2 0
v 3 1
v 4 0
v 5 100
v 6 3
v 7 0
v 8 0
e 2 3 0 
e 3 2 0 
e 3 4 0 
e 4 3 0 
e 4 5 0 
e 5 4 0 
e 5 6 0 
e 6 5 0 
e 6 7 0 
e 7 6 0 
e 7 8 0 
e 8 7 0 
t # 169# (0, 1098, 6)
v 3 1
v 4 0
v 5 0
v 6 103
v 7 0
v 8 0
v 9 1
v 12 0
e 3 4 0 
e 4 3 0 
e 4 5 0 
e 5 4 0 
e 5 6 0 
e 6 5 0 
e 6 7 0 
e 7 6 0 
e 7 8 0 
e 8 7 0 
e 8 9 0 
e 8 12 0 
e 9 8 0 
e 12 8 0 
t # 170# (0, 1098, 7)
v 4 0
v 5 0
v 6 3
v 7 100
v 8 0
v 9 1
v 10 0
v 11 1
v 12 0
v 13 0
e 4 5 0 
e 5 4 0 
e 5 6 0 
e 6 5 0 
e 6 7 0 
e 7 6 0 
e 7 8 0 
e 8 7 0 
e 8 9 0 
e 8 12 0 
e 9 8 0 
e 9 10 0 
e 10 9 0 
e 10 11 0 
e 11 10 0 
e 11 12 0 
e 12 8 0 
e 12 11 0 
e 12 13 0 
e 13 12 0 
t # 171# (0, 1102, 3)
v 0 0
v 1 0
v 2 0
v 3 103
v 4 0
v 5 0
v 6 1
v 17 0
v 19 1
v 20 0
v 21 0
e 0 1 0 
e 1 0 0 
e 1 2 0 
e 1 3 0 
e 1 20 0 
e 2 1 0 
e 3 1 0 
e 3 4 0 
e 4 3 0 
e 4 5 0 
e 4 19 0 
e 5 4 0 
e 5 6 0 
e 5 17 0 
e 6 5 0 
e 17 5 0 
e 17 19 0 
e 19 4 0 
e 19 17 0 
e 19 20 0 
e 20 1 0 
e 20 19 0 
e 20 21 0 
e 21 20 0 
t # 172# (0, 1104, 8)
v 5 1
v 6 0
v 7 0
v 8 103
v 9 0
v 10 0
v 11 0
v 12 0
v 13 1
v 14 0
v 16 0
e 5 6 0 
e 6 5 0 
e 6 7 0 
e 6 14 0 
e 7 6 0 
e 7 8 0 
e 7 13 0 
e 8 7 0 
e 8 9 0 
e 9 8 0 
e 9 10 0 
e 9 11 0 
e 9 12 0 
e 10 9 0 
e 11 9 0 
e 12 9 0 
e 12 13 0 
e 12 16 0 
e 13 7 0 
e 13 12 0 
e 13 14 0 
e 14 6 0 
e 14 13 0 
e 16 12 0 
t # 173# (0, 1122, 9)
v 6 1
v 7 0
v 8 0
v 9 103
v 10 0
v 11 0
v 12 0
v 13 1
v 14 0
v 19 0
e 6 7 0 
e 7 6 0 
e 7 8 0 
e 7 14 0 
e 8 7 0 
e 8 9 0 
e 8 13 0 
e 9 8 0 
e 9 10 0 
e 10 9 0 
e 10 11 0 
e 11 10 0 
e 11 12 0 
e 11 19 0 
e 12 11 0 
e 12 13 0 
e 13 8 0 
e 13 12 0 
e 13 14 0 
e 14 7 0 
e 14 13 0 
e 19 11 0 
t # 174# (0, 1122, 25)
v 2 0
v 3 0
v 4 0
v 24 0
v 25 100
v 26 3
v 27 0
v 28 1
v 29 1
e 2 3 0 
e 3 2 0 
e 3 4 0 
e 3 24 0 
e 4 3 0 
e 24 3 0 
e 24 25 0 
e 24 29 0 
e 25 24 0 
e 25 26 0 
e 26 25 0 
e 26 27 0 
e 27 26 0 
e 27 28 0 
e 27 29 0 
e 28 27 0 
e 29 24 0 
e 29 27 0 
t # 175# (0, 1122, 26)
v 3 0
v 24 0
v 25 0
v 26 103
v 27 0
v 28 1
v 29 1
e 3 24 0 
e 24 3 0 
e 24 25 0 
e 24 29 0 
e 25 24 0 
e 25 26 0 
e 26 25 0 
e 26 27 0 
e 27 26 0 
e 27 28 0 
e 27 29 0 
e 28 27 0 
e 29 24 0 
e 29 27 0 
t # 176# (0, 1123, 2)
v 0 1
v 1 0
v 2 100
v 3 3
v 4 0
v 5 1
v 9 0
v 10 0
v 14 0
e 0 1 0 
e 0 4 0 
e 1 0 0 
e 1 2 0 
e 1 9 0 
e 2 1 0 
e 2 3 0 
e 3 2 0 
e 3 4 0 
e 4 0 0 
e 4 3 0 
e 4 5 0 
e 5 4 0 
e 9 1 0 
e 9 10 0 
e 9 14 0 
e 10 9 0 
e 14 9 0 
t # 177# (0, 1124, 18)
v 15 1
v 16 0
v 17 0
v 18 103
v 19 0
v 20 0
v 21 0
v 22 0
v 23 1
v 24 0
v 26 0
e 15 16 0 
e 16 15 0 
e 16 17 0 
e 16 24 0 
e 17 16 0 
e 17 18 0 
e 17 23 0 
e 18 17 0 
e 18 19 0 
e 19 18 0 
e 19 20 0 
e 19 21 0 
e 19 22 0 
e 20 19 0 
e 21 19 0 
e 22 19 0 
e 22 23 0 
e 22 26 0 
e 23 17 0 
e 23 22 0 
e 23 24 0 
e 24 16 0 
e 24 23 0 
e 26 22 0 
t # 178# (0, 1132, 14)
v 11 1
v 12 0
v 13 0
v 14 103
v 15 0
v 16 0
v 17 0
v 18 1
v 19 0
v 24 0
e 11 12 0 
e 12 11 0 
e 12 13 0 
e 12 19 0 
e 13 12 0 
e 13 14 0 
e 13 18 0 
e 14 13 0 
e 14 15 0 
e 15 14 0 
e 15 16 0 
e 16 15 0 
e 16 17 0 
e 16 24 0 
e 17 16 0 
e 17 18 0 
e 18 13 0 
e 18 17 0 
e 18 19 0 
e 19 12 0 
e 19 18 0 
e 24 16 0 
t # 179# (0, 1132, 25)
v 15 0
v 16 0
v 17 0
v 24 0
v 25 103
v 26 0
v 27 1
v 28 1
v 29 1
v 30 1
v 31 0
e 15 16 0 
e 16 15 0 
e 16 17 0 
e 16 24 0 
e 17 16 0 
e 24 16 0 
e 24 25 0 
e 25 24 0 
e 25 26 0 
e 26 25 0 
e 26 27 0 
e 26 30 0 
e 27 26 0 
e 27 28 0 
e 28 27 0 
e 28 29 0 
e 29 28 0 
e 29 30 0 
e 30 26 0 
e 30 29 0 
e 30 31 0 
e 31 30 0 
t # 180# (0, 1134, 8)
v 2 0
v 3 0
v 4 0
v 7 0
v 8 100
v 9 3
v 10 0
v 11 1
v 12 1
e 2 3 0 
e 3 2 0 
e 3 4 0 
e 3 7 0 
e 4 3 0 
e 7 3 0 
e 7 8 0 
e 7 11 0 
e 8 7 0 
e 8 9 0 
e 9 8 0 
e 9 10 0 
e 10 9 0 
e 10 11 0 
e 10 12 0 
e 11 7 0 
e 11 10 0 
e 12 10 0 
t # 181# (0, 1140, 3)
v 0 0
v 1 0
v 2 0
v 3 103
v 4 0
v 5 0
v 6 1
v 16 0
v 18 1
v 19 0
v 20 0
e 0 1 0 
e 1 0 0 
e 1 2 0 
e 1 3 0 
e 1 19 0 
e 2 1 0 
e 3 1 0 
e 3 4 0 
e 4 3 0 
e 4 5 0 
e 4 18 0 
e 5 4 0 
e 5 6 0 
e 5 16 0 
e 6 5 0 
e 16 5 0 
e 16 18 0 
e 18 4 0 
e 18 16 0 
e 18 19 0 
e 19 1 0 
e 19 18 0 
e 19 20 0 
e 20 19 0 
t # 182# (0, 1146, 3)
v 0 0
v 1 0
v 2 0
v 3 103
v 4 0
v 32 0
v 5 0
v 33 0
v 6 1
v 29 0
v 31 1
e 0 1 0 
e 1 0 0 
e 1 2 0 
e 1 3 0 
e 1 32 0 
e 2 1 0 
e 3 1 0 
e 3 4 0 
e 4 3 0 
e 4 5 0 
e 4 31 0 
e 32 1 0 
e 32 31 0 
e 32 33 0 
e 5 4 0 
e 5 6 0 
e 5 29 0 
e 33 32 0 
e 6 5 0 
e 29 5 0 
e 29 31 0 
e 31 4 0 
e 31 32 0 
e 31 29 0 
t # 183# (0, 1150, 3)
v 0 0
v 1 0
v 2 0
v 3 103
v 4 0
v 5 0
v 6 1
v 17 0
v 19 1
v 20 0
v 21 0
e 0 1 0 
e 1 0 0 
e 1 2 0 
e 1 3 0 
e 1 20 0 
e 2 1 0 
e 3 1 0 
e 3 4 0 
e 4 3 0 
e 4 5 0 
e 4 19 0 
e 5 4 0 
e 5 6 0 
e 5 17 0 
e 6 5 0 
e 17 5 0 
e 17 19 0 
e 19 4 0 
e 19 17 0 
e 19 20 0 
e 20 1 0 
e 20 19 0 
e 20 21 0 
e 21 20 0 
t # 184# (0, 1153, 5)
v 0 0
v 1 0
v 2 0
v 3 1
v 4 0
v 5 103
v 6 0
v 7 0
v 8 1
v 19 0
e 0 1 0 
e 1 0 0 
e 1 2 0 
e 1 6 0 
e 2 1 0 
e 2 3 0 
e 3 2 0 
e 3 4 0 
e 3 19 0 
e 4 3 0 
e 4 5 0 
e 4 7 0 
e 5 4 0 
e 5 6 0 
e 6 1 0 
e 6 5 0 
e 7 4 0 
e 7 8 0 
e 7 19 0 
e 8 7 0 
e 19 3 0 
e 19 7 0 
t # 185# (0, 1157, 18)
v 15 1
v 16 0
v 17 0
v 18 103
v 19 0
v 20 0
v 21 0
v 22 0
v 23 1
v 24 0
v 26 0
e 15 16 0 
e 16 15 0 
e 16 17 0 
e 16 24 0 
e 17 16 0 
e 17 18 0 
e 17 23 0 
e 18 17 0 
e 18 19 0 
e 19 18 0 
e 19 20 0 
e 19 21 0 
e 19 22 0 
e 20 19 0 
e 21 19 0 
e 22 19 0 
e 22 23 0 
e 22 26 0 
e 23 17 0 
e 23 22 0 
e 23 24 0 
e 24 16 0 
e 24 23 0 
e 26 22 0 
t # 186# (1, 1191, 9)
v 6 0
v 7 1
v 8 0
v 9 100
v 10 3
v 11 0
v 12 0
e 6 7 0 
e 7 6 0 
e 7 8 0 
e 8 7 0 
e 8 9 0 
e 9 8 0 
e 9 10 0 
e 10 9 0 
e 10 11 0 
e 11 10 0 
e 11 12 0 
e 12 11 0 
t # 187# (1, 1191, 10)
v 7 1
v 8 0
v 9 0
v 10 103
v 11 0
v 12 0
v 13 0
v 17 1
e 7 8 0 
e 8 7 0 
e 8 9 0 
e 9 8 0 
e 9 10 0 
e 10 9 0 
e 10 11 0 
e 11 10 0 
e 11 12 0 
e 12 11 0 
e 12 13 0 
e 12 17 0 
e 13 12 0 
e 17 12 0 
t # 188# (1, 1191, 11)
v 8 0
v 9 0
v 10 3
v 11 100
v 12 0
v 13 0
v 14 0
v 16 0
v 17 1
e 8 9 0 
e 9 8 0 
e 9 10 0 
e 10 9 0 
e 10 11 0 
e 11 10 0 
e 11 12 0 
e 12 11 0 
e 12 13 0 
e 12 17 0 
e 13 12 0 
e 13 14 0 
e 14 13 0 
e 16 17 0 
e 17 12 0 
e 17 16 0 
t # 189# (0, 1216, 9)
v 6 1
v 7 0
v 8 0
v 9 103
v 10 0
v 11 0
v 12 0
v 13 1
v 14 0
v 19 0
e 6 7 0 
e 7 6 0 
e 7 8 0 
e 7 14 0 
e 8 7 0 
e 8 9 0 
e 8 13 0 
e 9 8 0 
e 9 10 0 
e 10 9 0 
e 10 11 0 
e 11 10 0 
e 11 12 0 
e 11 19 0 
e 12 11 0 
e 12 13 0 
e 13 8 0 
e 13 12 0 
e 13 14 0 
e 14 7 0 
e 14 13 0 
e 19 11 0 
t # 190# (0, 1216, 20)
v 10 0
v 11 0
v 12 0
v 19 0
v 20 103
v 21 0
v 22 1
v 23 0
v 27 1
v 28 1
v 29 0
e 10 11 0 
e 11 10 0 
e 11 12 0 
e 11 19 0 
e 12 11 0 
e 19 11 0 
e 19 20 0 
e 20 19 0 
e 20 21 0 
e 21 20 0 
e 21 22 0 
e 21 28 0 
e 22 21 0 
e 22 23 0 
e 23 22 0 
e 27 28 0 
e 28 21 0 
e 28 27 0 
e 28 29 0 
e 29 28 0 
t # 191# (0, 1216, 32)
v 32 103
v 33 0
v 34 1
v 35 1
v 3 0
v 30 0
v 31 0
e 32 31 0 
e 32 33 0 
e 33 32 0 
e 33 34 0 
e 33 35 0 
e 34 33 0 
e 35 33 0 
e 35 30 0 
e 3 30 0 
e 30 35 0 
e 30 3 0 
e 30 31 0 
e 31 32 0 
e 31 30 0 
t # 192# (1, 1226, 8)
v 4 0
v 5 3
v 6 0
v 7 0
v 8 100
v 9 3
v 10 0
v 11 0
v 19 1
e 4 5 0 
e 4 19 0 
e 5 4 0 
e 5 6 0 
e 6 5 0 
e 6 7 0 
e 7 6 0 
e 7 8 0 
e 7 19 0 
e 8 7 0 
e 8 9 0 
e 9 8 0 
e 9 10 0 
e 10 9 0 
e 10 11 0 
e 11 10 0 
e 19 4 0 
e 19 7 0 
t # 193# (1, 1233, 5)
v 0 0
v 1 0
v 2 1
v 3 0
v 4 3
v 5 100
v 6 1
e 0 1 0 
e 1 0 0 
e 1 2 0 
e 1 5 0 
e 2 1 0 
e 2 3 0 
e 3 2 0 
e 3 4 0 
e 3 6 0 
e 4 3 0 
e 4 5 0 
e 5 1 0 
e 5 4 0 
e 6 3 0 
t # 194# (0, 1253, 5)
v 0 0
v 1 0
v 2 0
v 3 1
v 4 0
v 5 103
v 6 0
v 7 0
v 8 1
v 19 0
e 0 1 0 
e 1 0 0 
e 1 2 0 
e 1 6 0 
e 2 1 0 
e 2 3 0 
e 3 2 0 
e 3 4 0 
e 3 19 0 
e 4 3 0 
e 4 5 0 
e 4 7 0 
e 5 4 0 
e 5 6 0 
e 6 1 0 
e 6 5 0 
e 7 4 0 
e 7 8 0 
e 7 19 0 
e 8 7 0 
e 19 3 0 
e 19 7 0 
t # 195# (0, 1277, 7)
v 3 1
v 4 0
v 5 2
v 6 0
v 7 103
v 8 0
v 9 0
v 10 1
e 3 4 0 
e 4 3 0 
e 4 5 0 
e 4 6 0 
e 5 4 0 
e 6 4 0 
e 6 7 0 
e 7 6 0 
e 7 8 0 
e 8 7 0 
e 8 9 0 
e 9 8 0 
e 9 10 0 
e 10 9 0 
t # 196# (0, 1277, 8)
v 4 0
v 6 0
v 7 3
v 8 100
v 9 0
v 10 1
e 4 6 0 
e 6 4 0 
e 6 7 0 
e 7 6 0 
e 7 8 0 
e 8 7 0 
e 8 9 0 
e 9 8 0 
e 9 10 0 
e 10 9 0 
t # 197# (0, 1277, 12)
v 1 2
v 2 0
v 3 1
v 11 0
v 12 103
v 13 0
v 14 0
v 15 0
v 16 1
v 17 0
v 22 0
e 1 2 0 
e 2 1 0 
e 2 3 0 
e 2 11 0 
e 2 17 0 
e 3 2 0 
e 11 2 0 
e 11 12 0 
e 11 16 0 
e 12 11 0 
e 12 13 0 
e 13 12 0 
e 13 14 0 
e 14 13 0 
e 14 15 0 
e 14 22 0 
e 15 14 0 
e 15 16 0 
e 16 11 0 
e 16 15 0 
e 16 17 0 
e 17 2 0 
e 17 16 0 
e 22 14 0 
t # 198# (0, 1277, 23)
v 13 0
v 14 0
v 15 0
v 22 0
v 23 103
v 24 0
v 25 1
v 26 1
v 27 1
v 28 1
v 29 0
e 13 14 0 
e 14 13 0 
e 14 15 0 
e 14 22 0 
e 15 14 0 
e 22 14 0 
e 22 23 0 
e 23 22 0 
e 23 24 0 
e 24 23 0 
e 24 25 0 
e 24 28 0 
e 25 24 0 
e 25 26 0 
e 26 25 0 
e 26 27 0 
e 27 26 0 
e 27 28 0 
e 28 24 0 
e 28 27 0 
e 28 29 0 
e 29 28 0 
t # 199# (0, 1299, 2)
v 0 1
v 1 0
v 2 100
v 3 3
v 4 0
v 5 1
v 9 0
v 10 0
v 14 0
e 0 1 0 
e 0 4 0 
e 1 0 0 
e 1 2 0 
e 1 9 0 
e 2 1 0 
e 2 3 0 
e 3 2 0 
e 3 4 0 
e 4 0 0 
e 4 3 0 
e 4 5 0 
e 5 4 0 
e 9 1 0 
e 9 10 0 
e 9 14 0 
e 10 9 0 
e 14 9 0 
t # 200# (1, 1303, 7)
v 1 2
v 2 0
v 3 0
v 4 7
v 5 7
v 6 0
v 7 107
v 8 8
v 9 7
e 1 2 0 
e 2 1 0 
e 2 3 0 
e 2 6 0 
e 2 9 0 
e 3 2 0 
e 3 4 0 
e 3 5 0 
e 3 6 0 
e 4 3 0 
e 5 3 0 
e 6 2 0 
e 6 3 0 
e 6 7 0 
e 6 8 0 
e 7 6 0 
e 8 6 0 
e 9 2 0 
t # 201# (1, 1303, 9)
v 0 0
v 1 2
v 2 0
v 3 0
v 4 7
v 5 7
v 6 0
v 7 7
v 8 8
v 9 107
e 0 1 0 
e 1 0 0 
e 1 2 0 
e 2 1 0 
e 2 3 0 
e 2 6 0 
e 2 9 0 
e 3 2 0 
e 3 4 0 
e 3 5 0 
e 3 6 0 
e 4 3 0 
e 5 3 0 
e 6 2 0 
e 6 3 0 
e 6 7 0 
e 6 8 0 
e 7 6 0 
e 8 6 0 
e 9 2 0 
t # 202# (0, 1312, 15)
v 12 1
v 13 0
v 14 0
v 15 103
v 16 0
v 17 0
v 18 0
v 19 1
v 20 0
v 25 0
e 12 13 0 
e 13 12 0 
e 13 14 0 
e 13 20 0 
e 14 13 0 
e 14 15 0 
e 14 19 0 
e 15 14 0 
e 15 16 0 
e 16 15 0 
e 16 17 0 
e 17 16 0 
e 17 18 0 
e 17 25 0 
e 18 17 0 
e 18 19 0 
e 19 14 0 
e 19 18 0 
e 19 20 0 
e 20 13 0 
e 20 19 0 
e 25 17 0 
t # 203# (0, 1312, 26)
v 32 0
v 16 0
v 17 0
v 18 0
v 25 0
v 26 103
v 27 0
v 28 1
v 29 1
v 30 1
v 31 1
e 32 31 0 
e 16 17 0 
e 17 16 0 
e 17 18 0 
e 17 25 0 
e 18 17 0 
e 25 17 0 
e 25 26 0 
e 26 25 0 
e 26 27 0 
e 27 26 0 
e 27 28 0 
e 27 31 0 
e 28 27 0 
e 28 29 0 
e 29 28 0 
e 29 30 0 
e 30 29 0 
e 30 31 0 
e 31 32 0 
e 31 27 0 
e 31 30 0 
t # 204# (0, 1318, 8)
v 5 0
v 6 0
v 7 0
v 8 100
v 9 3
v 10 0
v 11 1
v 15 1
v 16 0
e 5 6 0 
e 6 5 0 
e 6 7 0 
e 6 16 0 
e 7 6 0 
e 7 8 0 
e 7 15 0 
e 8 7 0 
e 8 9 0 
e 9 8 0 
e 9 10 0 
e 10 9 0 
e 10 11 0 
e 10 15 0 
e 11 10 0 
e 15 7 0 
e 15 10 0 
e 16 6 0 
t # 205# (0, 1324, 6)
v 2 0
v 4 0
v 5 0
v 6 103
v 7 0
v 8 0
v 9 1
v 10 0
v 12 0
v 15 0
v 16 2
e 2 4 0 
e 4 2 0 
e 4 5 0 
e 4 10 0 
e 5 4 0 
e 5 6 0 
e 5 9 0 
e 6 5 0 
e 6 7 0 
e 7 6 0 
e 7 8 0 
e 7 15 0 
e 8 7 0 
e 8 9 0 
e 8 12 0 
e 9 5 0 
e 9 8 0 
e 9 10 0 
e 10 4 0 
e 10 9 0 
e 12 8 0 
e 15 7 0 
e 15 16 0 
e 16 15 0 
t # 206# (0, 1337, 5)
v 0 0
v 1 0
v 2 0
v 3 1
v 4 0
v 5 103
v 6 0
v 7 0
v 8 1
v 24 0
e 0 1 0 
e 1 0 0 
e 1 2 0 
e 1 6 0 
e 2 1 0 
e 2 3 0 
e 3 2 0 
e 3 4 0 
e 3 24 0 
e 4 3 0 
e 4 5 0 
e 4 7 0 
e 5 4 0 
e 5 6 0 
e 6 1 0 
e 6 5 0 
e 7 4 0 
e 7 8 0 
e 7 24 0 
e 8 7 0 
e 24 3 0 
e 24 7 0 
t # 207# (0, 1338, 3)
v 0 0
v 1 0
v 2 0
v 3 103
v 4 0
v 33 0
v 5 0
v 32 1
v 34 0
v 6 1
v 30 0
e 0 1 0 
e 1 0 0 
e 1 2 0 
e 1 3 0 
e 1 33 0 
e 2 1 0 
e 3 1 0 
e 3 4 0 
e 4 3 0 
e 4 5 0 
e 4 32 0 
e 33 1 0 
e 33 32 0 
e 33 34 0 
e 5 4 0 
e 5 6 0 
e 5 30 0 
e 32 4 0 
e 32 33 0 
e 32 30 0 
e 34 33 0 
e 6 5 0 
e 30 5 0 
e 30 32 0 
t # 208# (0, 1349, 9)
v 6 1
v 7 0
v 8 0
v 9 103
v 10 0
v 11 0
v 12 0
v 13 1
v 14 0
v 19 0
e 6 7 0 
e 7 6 0 
e 7 8 0 
e 7 14 0 
e 8 7 0 
e 8 9 0 
e 8 13 0 
e 9 8 0 
e 9 10 0 
e 10 9 0 
e 10 11 0 
e 11 10 0 
e 11 12 0 
e 11 19 0 
e 12 11 0 
e 12 13 0 
e 13 8 0 
e 13 12 0 
e 13 14 0 
e 14 7 0 
e 14 13 0 
e 19 11 0 
t # 209# (0, 1349, 30)
v 32 1
v 33 1
v 3 0
v 28 0
v 29 0
v 30 103
v 31 0
e 32 31 0 
e 33 28 0 
e 33 31 0 
e 3 28 0 
e 28 33 0 
e 28 3 0 
e 28 29 0 
e 29 28 0 
e 29 30 0 
e 30 29 0 
e 30 31 0 
e 31 32 0 
e 31 33 0 
e 31 30 0 
t # 210# (1, 1369, 6)
v 3 2
v 4 0
v 5 0
v 6 108
v 7 8
v 8 8
v 9 2
e 3 4 0 
e 4 3 0 
e 4 5 0 
e 4 9 0 
e 5 4 0 
e 5 6 0 
e 5 7 0 
e 5 8 0 
e 6 5 0 
e 7 5 0 
e 8 5 0 
e 9 4 0 
t # 211# (1, 1369, 7)
v 3 2
v 4 0
v 5 0
v 6 8
v 7 108
v 8 8
v 9 2
e 3 4 0 
e 4 3 0 
e 4 5 0 
e 4 9 0 
e 5 4 0 
e 5 6 0 
e 5 7 0 
e 5 8 0 
e 6 5 0 
e 7 5 0 
e 8 5 0 
e 9 4 0 
t # 212# (1, 1369, 8)
v 3 2
v 4 0
v 5 0
v 6 8
v 7 8
v 8 108
v 9 2
e 3 4 0 
e 4 3 0 
e 4 5 0 
e 4 9 0 
e 5 4 0 
e 5 6 0 
e 5 7 0 
e 5 8 0 
e 6 5 0 
e 7 5 0 
e 8 5 0 
e 9 4 0 
t # 213# (1, 1369, 14)
v 11 2
v 12 0
v 13 0
v 14 108
v 15 8
v 16 8
v 17 2
e 11 12 0 
e 12 11 0 
e 12 13 0 
e 12 17 0 
e 13 12 0 
e 13 14 0 
e 13 15 0 
e 13 16 0 
e 14 13 0 
e 15 13 0 
e 16 13 0 
e 17 12 0 
t # 214# (1, 1369, 15)
v 11 2
v 12 0
v 13 0
v 14 8
v 15 108
v 16 8
v 17 2
e 11 12 0 
e 12 11 0 
e 12 13 0 
e 12 17 0 
e 13 12 0 
e 13 14 0 
e 13 15 0 
e 13 16 0 
e 14 13 0 
e 15 13 0 
e 16 13 0 
e 17 12 0 
t # 215# (1, 1369, 16)
v 11 2
v 12 0
v 13 0
v 14 8
v 15 8
v 16 108
v 17 2
e 11 12 0 
e 12 11 0 
e 12 13 0 
e 12 17 0 
e 13 12 0 
e 13 14 0 
e 13 15 0 
e 13 16 0 
e 14 13 0 
e 15 13 0 
e 16 13 0 
e 17 12 0 
t # 216# (1, 1369, 22)
v 19 2
v 20 0
v 21 0
v 22 108
v 23 8
v 24 8
v 25 2
e 19 20 0 
e 20 19 0 
e 20 21 0 
e 20 25 0 
e 21 20 0 
e 21 22 0 
e 21 23 0 
e 21 24 0 
e 22 21 0 
e 23 21 0 
e 24 21 0 
e 25 20 0 
t # 217# (1, 1369, 23)
v 19 2
v 20 0
v 21 0
v 22 8
v 23 108
v 24 8
v 25 2
e 19 20 0 
e 20 19 0 
e 20 21 0 
e 20 25 0 
e 21 20 0 
e 21 22 0 
e 21 23 0 
e 21 24 0 
e 22 21 0 
e 23 21 0 
e 24 21 0 
e 25 20 0 
t # 218# (1, 1369, 24)
v 19 2
v 20 0
v 21 0
v 22 8
v 23 8
v 24 108
v 25 2
e 19 20 0 
e 20 19 0 
e 20 21 0 
e 20 25 0 
e 21 20 0 
e 21 22 0 
e 21 23 0 
e 21 24 0 
e 22 21 0 
e 23 21 0 
e 24 21 0 
e 25 20 0 
t # 219# (1, 1369, 29)
v 32 2
v 26 2
v 27 0
v 28 0
v 29 108
v 30 8
v 31 8
e 32 27 0 
e 26 27 0 
e 27 32 0 
e 27 26 0 
e 27 28 0 
e 28 27 0 
e 28 29 0 
e 28 30 0 
e 28 31 0 
e 29 28 0 
e 30 28 0 
e 31 28 0 
t # 220# (1, 1369, 30)
v 32 2
v 26 2
v 27 0
v 28 0
v 29 8
v 30 108
v 31 8
e 32 27 0 
e 26 27 0 
e 27 32 0 
e 27 26 0 
e 27 28 0 
e 28 27 0 
e 28 29 0 
e 28 30 0 
e 28 31 0 
e 29 28 0 
e 30 28 0 
e 31 28 0 
t # 221# (1, 1369, 31)
v 32 2
v 26 2
v 27 0
v 28 0
v 29 8
v 30 8
v 31 108
e 32 27 0 
e 26 27 0 
e 27 32 0 
e 27 26 0 
e 27 28 0 
e 28 27 0 
e 28 29 0 
e 28 30 0 
e 28 31 0 
e 29 28 0 
e 30 28 0 
e 31 28 0 
t # 222# (0, 1371, 6)
v 0 0
v 1 1
v 2 1
v 3 1
v 4 1
v 5 0
v 6 103
v 7 0
v 8 0
v 9 0
v 13 0
e 0 1 0 
e 1 0 0 
e 1 2 0 
e 1 5 0 
e 2 1 0 
e 2 3 0 
e 3 2 0 
e 3 4 0 
e 4 3 0 
e 4 5 0 
e 5 1 0 
e 5 4 0 
e 5 6 0 
e 6 5 0 
e 6 7 0 
e 7 6 0 
e 7 8 0 
e 8 7 0 
e 8 9 0 
e 8 13 0 
e 9 8 0 
e 13 8 0 
t # 223# (0, 1371, 12)
v 7 0
v 8 0
v 9 0
v 10 1
v 11 0
v 12 103
v 13 0
v 14 0
v 15 1
v 26 0
e 7 8 0 
e 8 7 0 
e 8 9 0 
e 8 13 0 
e 9 8 0 
e 9 10 0 
e 10 9 0 
e 10 11 0 
e 10 26 0 
e 11 10 0 
e 11 12 0 
e 11 14 0 
e 12 11 0 
e 12 13 0 
e 13 8 0 
e 13 12 0 
e 14 11 0 
e 14 15 0 
e 14 26 0 
e 15 14 0 
e 26 10 0 
e 26 14 0 
t # 224# (0, 1372, 10)
v 7 1
v 8 0
v 9 0
v 10 103
v 11 0
v 12 0
v 13 0
v 14 1
v 15 0
v 20 0
e 7 8 0 
e 8 7 0 
e 8 9 0 
e 8 15 0 
e 9 8 0 
e 9 10 0 
e 9 14 0 
e 10 9 0 
e 10 11 0 
e 11 10 0 
e 11 12 0 
e 12 11 0 
e 12 13 0 
e 12 20 0 
e 13 12 0 
e 13 14 0 
e 14 9 0 
e 14 13 0 
e 14 15 0 
e 15 8 0 
e 15 14 0 
e 20 12 0 
t # 225# (0, 1372, 27)
v 4 0
v 25 0
v 26 0
v 27 103
v 28 0
v 29 1
v 30 1
e 4 25 0 
e 25 4 0 
e 25 26 0 
e 25 30 0 
e 26 25 0 
e 26 27 0 
e 27 26 0 
e 27 28 0 
e 28 27 0 
e 28 29 0 
e 28 30 0 
e 29 28 0 
e 30 25 0 
e 30 28 0 
t # 226# (0, 1377, 20)
v 3 0
v 18 0
v 19 0
v 20 103
v 21 0
v 22 1
v 23 1
e 3 18 0 
e 18 3 0 
e 18 19 0 
e 18 23 0 
e 19 18 0 
e 19 20 0 
e 20 19 0 
e 20 21 0 
e 21 20 0 
e 21 22 0 
e 21 23 0 
e 22 21 0 
e 23 18 0 
e 23 21 0 
t # 227# (0, 1414, 9)
v 6 1
v 7 0
v 8 0
v 9 103
v 10 0
v 11 0
v 12 0
v 13 1
v 14 0
e 6 7 0 
e 7 6 0 
e 7 8 0 
e 7 14 0 
e 8 7 0 
e 8 9 0 
e 8 13 0 
e 9 8 0 
e 9 10 0 
e 10 9 0 
e 10 11 0 
e 11 10 0 
e 11 12 0 
e 12 11 0 
e 12 13 0 
e 13 8 0 
e 13 12 0 
e 13 14 0 
e 14 7 0 
e 14 13 0 
t # 228# (0, 1414, 21)
v 3 0
v 19 0
v 20 0
v 21 103
v 22 0
v 23 1
v 24 1
e 3 19 0 
e 19 3 0 
e 19 20 0 
e 19 24 0 
e 20 19 0 
e 20 21 0 
e 21 20 0 
e 21 22 0 
e 22 21 0 
e 22 23 0 
e 22 24 0 
e 23 22 0 
e 24 19 0 
e 24 22 0 
t # 229# (0, 1424, 4)
v 1 0
v 2 0
v 3 0
v 4 103
v 5 0
v 6 0
v 7 1
v 44 0
v 46 1
v 47 0
v 48 0
e 1 2 0 
e 2 1 0 
e 2 3 0 
e 2 4 0 
e 2 47 0 
e 3 2 0 
e 4 2 0 
e 4 5 0 
e 5 4 0 
e 5 6 0 
e 5 46 0 
e 6 5 0 
e 6 7 0 
e 6 44 0 
e 7 6 0 
e 44 6 0 
e 44 46 0 
e 46 5 0 
e 46 44 0 
e 46 47 0 
e 47 2 0 
e 47 46 0 
e 47 48 0 
e 48 47 0 
t # 230# (1, 1425, 1)
v 0 0
v 1 103
v 2 0
v 3 1
v 4 3
v 5 1
v 6 0
v 7 0
v 14 0
v 15 0
e 0 1 0 
e 0 14 0 
e 1 0 0 
e 1 2 0 
e 2 1 0 
e 2 3 0 
e 2 6 0 
e 3 2 0 
e 3 4 0 
e 4 3 0 
e 4 5 0 
e 5 4 0 
e 5 6 0 
e 6 2 0 
e 6 5 0 
e 6 7 0 
e 7 6 0 
e 14 0 0 
e 14 15 0 
e 15 14 0 
t # 231# (0, 1463, 6)
v 1 2
v 2 0
v 3 0
v 4 1
v 5 0
v 6 103
v 7 0
v 8 0
v 9 1
v 20 0
e 1 2 0 
e 2 1 0 
e 2 3 0 
e 2 7 0 
e 3 2 0 
e 3 4 0 
e 4 3 0 
e 4 5 0 
e 4 20 0 
e 5 4 0 
e 5 6 0 
e 5 8 0 
e 6 5 0 
e 6 7 0 
e 7 2 0 
e 7 6 0 
e 8 5 0 
e 8 9 0 
e 8 20 0 
e 9 8 0 
e 20 4 0 
e 20 8 0 
t # 232# (0, 1492, 19)
v 10 0
v 17 0
v 18 0
v 19 103
v 20 0
v 21 1
v 22 1
e 10 17 0 
e 17 10 0 
e 17 18 0 
e 17 22 0 
e 18 17 0 
e 18 19 0 
e 19 18 0 
e 19 20 0 
e 20 19 0 
e 20 21 0 
e 20 22 0 
e 21 20 0 
e 22 17 0 
e 22 20 0 
t # 233# (1, 1495, 2)
v 0 1
v 1 0
v 2 103
v 3 0
v 4 0
v 5 0
v 11 0
v 12 0
e 0 1 0 
e 0 4 0 
e 1 0 0 
e 1 2 0 
e 1 11 0 
e 2 1 0 
e 2 3 0 
e 3 2 0 
e 3 4 0 
e 4 0 0 
e 4 3 0 
e 4 5 0 
e 5 4 0 
e 11 1 0 
e 11 12 0 
e 12 11 0 
t # 234# (1, 1495, 3)
v 0 1
v 1 0
v 2 3
v 3 100
v 4 0
v 5 0
v 6 0
v 10 0
v 11 0
e 0 1 0 
e 0 4 0 
e 1 0 0 
e 1 2 0 
e 1 11 0 
e 2 1 0 
e 2 3 0 
e 3 2 0 
e 3 4 0 
e 4 0 0 
e 4 3 0 
e 4 5 0 
e 5 4 0 
e 5 6 0 
e 5 10 0 
e 6 5 0 
e 10 5 0 
e 11 1 0 
t # 235# (0, 1497, 9)
v 6 1
v 7 0
v 8 0
v 9 103
v 10 0
v 11 0
v 12 0
v 13 1
v 14 0
v 19 0
e 6 7 0 
e 7 6 0 
e 7 8 0 
e 7 14 0 
e 8 7 0 
e 8 9 0 
e 8 13 0 
e 9 8 0 
e 9 10 0 
e 10 9 0 
e 10 11 0 
e 11 10 0 
e 11 12 0 
e 11 19 0 
e 12 11 0 
e 12 13 0 
e 13 8 0 
e 13 12 0 
e 13 14 0 
e 14 7 0 
e 14 13 0 
e 19 11 0 
t # 236# (0, 1497, 22)
v 3 0
v 20 0
v 21 0
v 22 103
v 23 0
v 24 1
v 25 1
e 3 20 0 
e 20 3 0 
e 20 21 0 
e 20 25 0 
e 21 20 0 
e 21 22 0 
e 22 21 0 
e 22 23 0 
e 23 22 0 
e 23 24 0 
e 23 25 0 
e 24 23 0 
e 25 20 0 
e 25 23 0 
t # 237# (0, 1500, 3)
v 0 3
v 1 0
v 2 0
v 3 100
v 4 3
v 5 0
v 6 0
v 14 1
v 15 0
e 0 1 0 
e 0 15 0 
e 1 0 0 
e 1 2 0 
e 2 1 0 
e 2 3 0 
e 2 14 0 
e 3 2 0 
e 3 4 0 
e 4 3 0 
e 4 5 0 
e 5 4 0 
e 5 6 0 
e 6 5 0 
e 14 2 0 
e 14 15 0 
e 15 0 0 
e 15 14 0 
t # 238# (0, 1500, 4)
v 1 0
v 2 0
v 3 0
v 4 103
v 5 0
v 6 0
v 7 1
v 14 1
e 1 2 0 
e 2 1 0 
e 2 3 0 
e 2 14 0 
e 3 2 0 
e 3 4 0 
e 4 3 0 
e 4 5 0 
e 5 4 0 
e 5 6 0 
e 6 5 0 
e 6 7 0 
e 7 6 0 
e 14 2 0 
t # 239# (0, 1500, 5)
v 2 0
v 3 0
v 4 3
v 5 100
v 6 0
v 7 1
v 8 0
e 2 3 0 
e 3 2 0 
e 3 4 0 
e 4 3 0 
e 4 5 0 
e 5 4 0 
e 5 6 0 
e 6 5 0 
e 6 7 0 
e 7 6 0 
e 7 8 0 
e 8 7 0 
t # 240# (0, 1506, 10)
v 5 0
v 6 0
v 7 0
v 8 1
v 9 0
v 10 103
v 11 0
v 12 0
v 13 1
v 19 0
e 5 6 0 
e 6 5 0 
e 6 7 0 
e 6 11 0 
e 7 6 0 
e 7 8 0 
e 8 7 0 
e 8 9 0 
e 8 19 0 
e 9 8 0 
e 9 10 0 
e 9 12 0 
e 10 9 0 
e 10 11 0 
e 11 6 0 
e 11 10 0 
e 12 9 0 
e 12 13 0 
e 12 19 0 
e 13 12 0 
e 19 8 0 
e 19 12 0 
t # 241# (0, 1520, 3)
v 0 0
v 1 0
v 2 0
v 3 103
v 4 0
v 5 0
v 6 1
v 17 0
v 19 1
v 20 0
v 21 0
e 0 1 0 
e 1 0 0 
e 1 2 0 
e 1 3 0 
e 1 20 0 
e 2 1 0 
e 3 1 0 
e 3 4 0 
e 4 3 0 
e 4 5 0 
e 4 19 0 
e 5 4 0 
e 5 6 0 
e 5 17 0 
e 6 5 0 
e 17 5 0 
e 17 19 0 
e 19 4 0 
e 19 17 0 
e 19 20 0 
e 20 1 0 
e 20 19 0 
e 20 21 0 
e 21 20 0 
t # 242# (1, 1521, 3)
v 3 102
v 4 0
v 5 2
v 6 4
v 7 2
v 8 2
v 9 2
e 3 4 0 
e 4 3 0 
e 4 5 0 
e 4 6 0 
e 5 4 0 
e 6 4 0 
e 6 7 0 
e 6 8 0 
e 6 9 0 
e 7 6 0 
e 8 6 0 
e 9 6 0 
t # 243# (1, 1521, 5)
v 3 2
v 4 0
v 5 102
v 6 4
v 7 2
v 8 2
v 9 2
e 3 4 0 
e 4 3 0 
e 4 5 0 
e 4 6 0 
e 5 4 0 
e 6 4 0 
e 6 7 0 
e 6 8 0 
e 6 9 0 
e 7 6 0 
e 8 6 0 
e 9 6 0 
t # 244# (0, 1561, 13)
v 9 0
v 11 0
v 12 0
v 13 103
v 14 0
v 15 0
v 16 2
v 17 1
v 18 0
e 9 11 0 
e 11 9 0 
e 11 12 0 
e 12 11 0 
e 12 13 0 
e 12 17 0 
e 13 12 0 
e 13 14 0 
e 14 13 0 
e 14 15 0 
e 15 14 0 
e 15 16 0 
e 15 17 0 
e 16 15 0 
e 17 12 0 
e 17 15 0 
e 17 18 0 
e 18 17 0 
t # 245# (1, 1562, 13)
v 10 2
v 11 0
v 12 0
v 13 108
v 14 8
v 15 8
v 16 2
e 10 11 0 
e 11 10 0 
e 11 12 0 
e 11 16 0 
e 12 11 0 
e 12 13 0 
e 12 14 0 
e 12 15 0 
e 13 12 0 
e 14 12 0 
e 15 12 0 
e 16 11 0 
t # 246# (1, 1562, 14)
v 10 2
v 11 0
v 12 0
v 13 8
v 14 108
v 15 8
v 16 2
e 10 11 0 
e 11 10 0 
e 11 12 0 
e 11 16 0 
e 12 11 0 
e 12 13 0 
e 12 14 0 
e 12 15 0 
e 13 12 0 
e 14 12 0 
e 15 12 0 
e 16 11 0 
t # 247# (1, 1562, 15)
v 10 2
v 11 0
v 12 0
v 13 8
v 14 8
v 15 108
v 16 2
e 10 11 0 
e 11 10 0 
e 11 12 0 
e 11 16 0 
e 12 11 0 
e 12 13 0 
e 12 14 0 
e 12 15 0 
e 13 12 0 
e 14 12 0 
e 15 12 0 
e 16 11 0 
t # 248# (1, 1562, 20)
v 17 2
v 18 0
v 19 0
v 20 108
v 21 8
v 22 8
v 23 2
e 17 18 0 
e 18 17 0 
e 18 19 0 
e 18 23 0 
e 19 18 0 
e 19 20 0 
e 19 21 0 
e 19 22 0 
e 20 19 0 
e 21 19 0 
e 22 19 0 
e 23 18 0 
t # 249# (1, 1562, 21)
v 17 2
v 18 0
v 19 0
v 20 8
v 21 108
v 22 8
v 23 2
e 17 18 0 
e 18 17 0 
e 18 19 0 
e 18 23 0 
e 19 18 0 
e 19 20 0 
e 19 21 0 
e 19 22 0 
e 20 19 0 
e 21 19 0 
e 22 19 0 
e 23 18 0 
t # 250# (1, 1562, 22)
v 17 2
v 18 0
v 19 0
v 20 8
v 21 8
v 22 108
v 23 2
e 17 18 0 
e 18 17 0 
e 18 19 0 
e 18 23 0 
e 19 18 0 
e 19 20 0 
e 19 21 0 
e 19 22 0 
e 20 19 0 
e 21 19 0 
e 22 19 0 
e 23 18 0 
t # 251# (0, 1565, 3)
v 0 0
v 1 1
v 2 0
v 3 100
v 4 3
v 5 0
v 6 0
v 10 1
v 11 0
v 18 3
e 0 1 0 
e 1 0 0 
e 1 2 0 
e 1 18 0 
e 2 1 0 
e 2 3 0 
e 2 10 0 
e 3 2 0 
e 3 4 0 
e 4 3 0 
e 4 5 0 
e 5 4 0 
e 5 6 0 
e 6 5 0 
e 10 2 0 
e 10 11 0 
e 11 10 0 
e 18 1 0 
t # 252# (0, 1627, 16)
v 13 1
v 14 0
v 15 0
v 16 103
v 17 0
v 18 0
v 19 0
v 20 0
v 21 1
v 22 0
v 24 0
e 13 14 0 
e 14 13 0 
e 14 15 0 
e 14 22 0 
e 15 14 0 
e 15 16 0 
e 15 21 0 
e 16 15 0 
e 16 17 0 
e 17 16 0 
e 17 18 0 
e 17 19 0 
e 17 20 0 
e 18 17 0 
e 19 17 0 
e 20 17 0 
e 20 21 0 
e 20 24 0 
e 21 15 0 
e 21 20 0 
e 21 22 0 
e 22 14 0 
e 22 21 0 
e 24 20 0 
t # 253# (0, 1629, 5)
v 2 0
v 3 0
v 4 0
v 5 103
v 6 0
v 7 0
v 8 1
v 23 0
v 25 1
v 26 0
v 27 0
e 2 3 0 
e 3 2 0 
e 3 4 0 
e 3 5 0 
e 3 26 0 
e 4 3 0 
e 5 3 0 
e 5 6 0 
e 6 5 0 
e 6 7 0 
e 6 25 0 
e 7 6 0 
e 7 8 0 
e 7 23 0 
e 8 7 0 
e 23 7 0 
e 23 25 0 
e 25 6 0 
e 25 23 0 
e 25 26 0 
e 26 3 0 
e 26 25 0 
e 26 27 0 
e 27 26 0 
t # 254# (0, 1635, 2)
v 0 1
v 1 0
v 2 103
v 3 0
v 4 0
v 5 1
v 6 0
e 0 1 0 
e 1 0 0 
e 1 2 0 
e 1 5 0 
e 2 1 0 
e 2 3 0 
e 3 2 0 
e 3 4 0 
e 4 3 0 
e 4 5 0 
e 4 6 0 
e 5 1 0 
e 5 4 0 
e 6 4 0 
t # 255# (0, 1635, 18)
v 15 1
v 16 0
v 17 0
v 18 103
v 19 0
v 20 0
v 21 0
v 22 1
v 23 0
v 28 0
e 15 16 0 
e 16 15 0 
e 16 17 0 
e 16 23 0 
e 17 16 0 
e 17 18 0 
e 17 22 0 
e 18 17 0 
e 18 19 0 
e 19 18 0 
e 19 20 0 
e 20 19 0 
e 20 21 0 
e 20 28 0 
e 21 20 0 
e 21 22 0 
e 22 17 0 
e 22 21 0 
e 22 23 0 
e 23 16 0 
e 23 22 0 
e 28 20 0 
t # 256# (0, 1639, 3)
v 0 0
v 1 0
v 2 0
v 3 103
v 4 0
v 5 0
v 6 1
v 20 0
v 22 1
v 23 0
v 24 0
e 0 1 0 
e 1 0 0 
e 1 2 0 
e 1 3 0 
e 1 23 0 
e 2 1 0 
e 3 1 0 
e 3 4 0 
e 4 3 0 
e 4 5 0 
e 4 22 0 
e 5 4 0 
e 5 6 0 
e 5 20 0 
e 6 5 0 
e 20 5 0 
e 20 22 0 
e 22 4 0 
e 22 20 0 
e 22 23 0 
e 23 1 0 
e 23 22 0 
e 23 24 0 
e 24 23 0 
t # -1