# 37,# 37 7 target:1 c+:77 c-:46 score:86.86665826101941 score+:553.1868234172655 score-:205.72019037318785 nb:5 =l_1c_16 l_1c_7 l_1c_17 l_1c_19 l_1c_1 
t # 0# (1, 10, 6)
v 0 0
v 2 0
v 4 0
v 6 100
v 8 0
v 9 2
v 11 2
v 14 3
e 0 2 0 
e 2 0 0 
e 2 6 0 
e 2 14 0 
e 4 8 0 
e 6 2 0 
e 6 8 0 
e 6 9 0 
e 8 4 0 
e 8 6 0 
e 8 11 0 
e 9 6 0 
e 11 8 0 
e 14 2 0 
t # 1# (1, 10, 8)
v 1 0
v 2 0
v 4 0
v 6 0
v 8 100
v 9 2
v 11 2
v 15 3
e 1 4 0 
e 2 6 0 
e 4 1 0 
e 4 8 0 
e 4 15 0 
e 6 2 0 
e 6 8 0 
e 6 9 0 
e 8 4 0 
e 8 6 0 
e 8 11 0 
e 9 6 0 
e 11 8 0 
e 15 4 0 
t # 2# (0, 30, 10)
v 8 0
v 10 102
v 2 4
v 6 0
e 8 6 0 
e 10 6 0 
e 2 6 0 
e 6 8 0 
e 6 10 0 
e 6 2 0 
t # 3# (1, 65, 13)
v 2 1
v 5 0
v 7 0
v 13 100
v 16 0
v 18 0
v 19 2
v 22 1
e 2 7 0 
e 5 7 0 
e 7 2 0 
e 7 5 0 
e 7 13 0 
e 13 7 0 
e 13 18 0 
e 13 19 0 
e 16 18 0 
e 18 13 0 
e 18 16 0 
e 18 22 0 
e 19 13 0 
e 22 18 0 
t # 4# (0, 69, 1)
v 0 0
v 1 100
v 2 0
v 3 4
v 4 0
v 5 2
v 9 0
v 10 4
e 0 1 0 
e 0 2 0 
e 0 3 0 
e 1 0 0 
e 1 4 0 
e 1 5 0 
e 2 0 0 
e 3 0 0 
e 4 1 0 
e 4 9 0 
e 4 10 0 
e 5 1 0 
e 9 4 0 
e 10 4 0 
t # 5# (1, 116, 6)
v 0 0
v 2 0
v 4 0
v 6 100
v 7 2
v 8 0
v 10 2
v 11 3
e 0 2 0 
e 2 0 0 
e 2 6 0 
e 2 7 0 
e 4 8 0 
e 6 2 0 
e 6 8 0 
e 6 10 0 
e 7 2 0 
e 8 4 0 
e 8 6 0 
e 8 11 0 
e 10 6 0 
e 11 8 0 
t # 6# (0, 185, 9)
v 1 0
v 4 0
v 9 100
v 11 2
v 12 2
v 30 3
e 1 4 0 
e 4 1 0 
e 4 9 0 
e 4 30 0 
e 9 4 0 
e 9 11 0 
e 9 12 0 
e 11 9 0 
e 12 9 0 
e 30 4 0 
t # 7# (1, 215, 8)
v 0 4
v 3 0
v 8 100
v 9 0
v 16 0
v 17 2
v 24 0
v 25 1
e 0 3 0 
e 3 0 0 
e 3 8 0 
e 3 9 0 
e 8 3 0 
e 8 16 0 
e 8 17 0 
e 9 3 0 
e 16 8 0 
e 16 24 0 
e 16 25 0 
e 17 8 0 
e 24 16 0 
e 25 16 0 
t # 8# (1, 216, 6)
v 2 0
v 3 0
v 5 2
v 6 100
v 7 0
v 8 2
v 9 0
v 13 3
e 2 3 0 
e 3 2 0 
e 3 5 0 
e 3 6 0 
e 5 3 0 
e 6 3 0 
e 6 8 0 
e 6 9 0 
e 7 9 0 
e 8 6 0 
e 9 6 0 
e 9 7 0 
e 9 13 0 
e 13 9 0 
t # 9# (0, 266, 0)
v 0 100
v 1 0
v 2 0
v 3 0
v 4 0
v 5 0
v 6 0
v 7 0
v 8 2
v 9 2
e 0 1 0 
e 0 2 0 
e 0 3 0 
e 1 0 0 
e 1 4 0 
e 1 5 0 
e 2 0 0 
e 2 6 0 
e 2 7 0 
e 3 0 0 
e 3 8 0 
e 3 9 0 
e 4 1 0 
e 5 1 0 
e 6 2 0 
e 7 2 0 
e 8 3 0 
e 9 3 0 
t # 10# (1, 396, 4)
v 0 0
v 1 0
v 4 100
v 5 0
v 7 0
v 8 2
v 11 2
v 13 3
e 0 1 0 
e 1 0 0 
e 1 4 0 
e 1 13 0 
e 4 1 0 
e 4 7 0 
e 4 8 0 
e 5 7 0 
e 7 4 0 
e 7 5 0 
e 7 11 0 
e 8 4 0 
e 11 7 0 
e 13 1 0 
t # 11# (1, 396, 7)
v 1 0
v 2 0
v 4 0
v 5 0
v 7 100
v 8 2
v 11 2
v 16 3
e 1 4 0 
e 2 5 0 
e 4 1 0 
e 4 7 0 
e 4 8 0 
e 5 2 0 
e 5 7 0 
e 5 16 0 
e 7 4 0 
e 7 5 0 
e 7 11 0 
e 8 4 0 
e 11 7 0 
e 16 5 0 
t # 12# (0, 435, 6)
v 0 0
v 2 4
v 4 4
v 6 100
v 8 0
v 10 2
v 11 2
e 0 2 0 
e 2 0 0 
e 2 6 0 
e 4 8 0 
e 6 2 0 
e 6 8 0 
e 6 10 0 
e 8 4 0 
e 8 6 0 
e 8 11 0 
e 10 6 0 
e 11 8 0 
t # 13# (0, 435, 8)
v 1 0
v 2 4
v 4 4
v 6 0
v 8 100
v 10 2
v 11 2
e 1 4 0 
e 2 6 0 
e 4 1 0 
e 4 8 0 
e 6 2 0 
e 6 8 0 
e 6 10 0 
e 8 4 0 
e 8 6 0 
e 8 11 0 
e 10 6 0 
e 11 8 0 
t # 14# (0, 435, 10)
v 8 0
v 10 102
v 2 4
v 6 0
e 8 6 0 
e 10 6 0 
e 2 6 0 
e 6 8 0 
e 6 10 0 
e 6 2 0 
t # 15# (0, 435, 11)
v 8 0
v 11 102
v 4 4
v 6 0
e 8 4 0 
e 8 6 0 
e 8 11 0 
e 11 8 0 
e 4 8 0 
e 6 8 0 
t # 16# (1, 476, 1)
v 0 0
v 1 100
v 2 0
v 3 1
v 4 0
v 5 6
v 9 0
v 22 3
e 0 1 0 
e 0 2 0 
e 0 3 0 
e 1 0 0 
e 1 4 0 
e 1 5 0 
e 2 0 0 
e 3 0 0 
e 4 1 0 
e 4 9 0 
e 4 22 0 
e 5 1 0 
e 9 4 0 
e 22 4 0 
t # 17# (1, 476, 2)
v 0 0
v 1 0
v 2 100
v 3 1
v 6 0
v 7 6
v 9 0
v 23 3
e 0 1 0 
e 0 2 0 
e 0 3 0 
e 1 0 0 
e 2 0 0 
e 2 6 0 
e 2 7 0 
e 3 0 0 
e 6 2 0 
e 6 9 0 
e 6 23 0 
e 7 2 0 
e 9 6 0 
e 23 6 0 
t # 18# (1, 476, 14)
v 12 1
v 13 0
v 14 100
v 15 0
v 16 0
v 17 6
v 20 0
v 28 3
e 12 13 0 
e 13 12 0 
e 13 14 0 
e 13 15 0 
e 14 13 0 
e 14 16 0 
e 14 17 0 
e 15 13 0 
e 16 14 0 
e 16 20 0 
e 16 28 0 
e 17 14 0 
e 20 16 0 
e 28 16 0 
t # 19# (1, 476, 15)
v 12 1
v 13 0
v 14 0
v 15 100
v 18 0
v 19 6
v 20 0
v 29 3
e 12 13 0 
e 13 12 0 
e 13 14 0 
e 13 15 0 
e 14 13 0 
e 15 13 0 
e 15 18 0 
e 15 19 0 
e 18 15 0 
e 18 20 0 
e 18 29 0 
e 19 15 0 
e 20 18 0 
e 29 18 0 
t # 20# (1, 621, 14)
v 2 0
v 6 0
v 40 3
v 14 100
v 15 2
v 16 0
v 22 0
v 23 2
e 2 6 0 
e 6 2 0 
e 6 14 0 
e 6 15 0 
e 40 22 0 
e 14 6 0 
e 14 22 0 
e 14 23 0 
e 15 6 0 
e 16 22 0 
e 22 40 0 
e 22 14 0 
e 22 16 0 
e 23 14 0 
t # 21# (0, 661, 7)
v 1 0
v 5 0
v 7 100
v 8 0
v 9 0
v 10 2
v 11 2
v 12 3
e 1 5 0 
e 5 1 0 
e 5 7 0 
e 5 12 0 
e 7 5 0 
e 7 9 0 
e 7 10 0 
e 8 9 0 
e 9 7 0 
e 9 8 0 
e 9 11 0 
e 10 7 0 
e 11 9 0 
e 12 5 0 
t # 22# (0, 661, 9)
v 5 0
v 6 0
v 7 0
v 8 0
v 9 100
v 10 2
v 11 2
v 14 3
e 5 7 0 
e 6 8 0 
e 7 5 0 
e 7 9 0 
e 7 10 0 
e 8 6 0 
e 8 9 0 
e 8 14 0 
e 9 7 0 
e 9 8 0 
e 9 11 0 
e 10 7 0 
e 11 9 0 
e 14 8 0 
t # 23# (1, 733, 0)
v 0 100
v 1 0
v 2 0
v 3 0
v 4 2
v 5 0
v 6 0
v 7 0
v 8 2
v 9 2
v 10 0
v 11 2
v 19 3
e 0 1 0 
e 0 2 0 
e 0 3 0 
e 0 4 0 
e 1 0 0 
e 1 5 0 
e 1 6 0 
e 1 19 0 
e 2 0 0 
e 2 7 0 
e 2 8 0 
e 2 9 0 
e 3 0 0 
e 3 10 0 
e 3 11 0 
e 4 0 0 
e 5 1 0 
e 5 7 0 
e 6 1 0 
e 7 2 0 
e 7 5 0 
e 7 10 0 
e 8 2 0 
e 9 2 0 
e 10 3 0 
e 10 7 0 
e 11 3 0 
e 19 1 0 
t # 24# (1, 733, 7)
v 0 0
v 1 0
v 2 0
v 3 0
v 5 0
v 7 100
v 8 2
v 9 2
v 10 0
v 12 0
v 15 2
v 16 2
v 20 3
e 0 1 0 
e 0 2 0 
e 0 3 0 
e 1 0 0 
e 1 5 0 
e 2 0 0 
e 2 7 0 
e 2 8 0 
e 2 9 0 
e 3 0 0 
e 3 10 0 
e 5 1 0 
e 5 7 0 
e 5 12 0 
e 5 20 0 
e 7 2 0 
e 7 5 0 
e 7 10 0 
e 7 15 0 
e 8 2 0 
e 9 2 0 
e 10 3 0 
e 10 7 0 
e 10 16 0 
e 12 5 0 
e 15 7 0 
e 16 10 0 
e 20 5 0 
t # 25# (1, 775, 10)
v 2 0
v 5 0
v 9 0
v 10 100
v 12 0
v 13 2
v 16 2
v 24 3
e 2 5 0 
e 5 2 0 
e 5 10 0 
e 5 24 0 
e 9 12 0 
e 10 5 0 
e 10 12 0 
e 10 13 0 
e 12 9 0 
e 12 10 0 
e 12 16 0 
e 13 10 0 
e 16 12 0 
e 24 5 0 
t # 26# (1, 775, 12)
v 4 0
v 5 0
v 9 0
v 10 0
v 12 100
v 13 2
v 16 2
v 26 3
e 4 9 0 
e 5 10 0 
e 9 4 0 
e 9 12 0 
e 9 26 0 
e 10 5 0 
e 10 12 0 
e 10 13 0 
e 12 9 0 
e 12 10 0 
e 12 16 0 
e 13 10 0 
e 16 12 0 
e 26 9 0 
t # 27# (1, 853, 0)
v 0 100
v 1 0
v 2 0
v 3 2
v 4 0
v 5 2
v 6 0
v 10 3
e 0 1 0 
e 0 2 0 
e 0 3 0 
e 1 0 0 
e 1 4 0 
e 1 5 0 
e 2 0 0 
e 2 6 0 
e 2 10 0 
e 3 0 0 
e 4 1 0 
e 5 1 0 
e 6 2 0 
e 10 2 0 
t # 28# (1, 853, 1)
v 0 0
v 1 100
v 2 0
v 3 2
v 4 0
v 5 2
v 7 0
v 11 3
e 0 1 0 
e 0 2 0 
e 0 3 0 
e 1 0 0 
e 1 4 0 
e 1 5 0 
e 2 0 0 
e 3 0 0 
e 4 1 0 
e 4 7 0 
e 4 11 0 
e 5 1 0 
e 7 4 0 
e 11 4 0 
t # 29# (1, 853, 6)
v 0 0
v 2 0
v 4 0
v 6 100
v 7 0
v 8 2
v 9 2
v 10 3
e 0 2 0 
e 2 0 0 
e 2 6 0 
e 2 10 0 
e 4 7 0 
e 6 2 0 
e 6 7 0 
e 6 8 0 
e 7 4 0 
e 7 6 0 
e 7 9 0 
e 8 6 0 
e 9 7 0 
e 10 2 0 
t # 30# (1, 853, 7)
v 1 0
v 2 0
v 4 0
v 6 0
v 7 100
v 8 2
v 9 2
v 11 3
e 1 4 0 
e 2 6 0 
e 4 1 0 
e 4 7 0 
e 4 11 0 
e 6 2 0 
e 6 7 0 
e 6 8 0 
e 7 4 0 
e 7 6 0 
e 7 9 0 
e 8 6 0 
e 9 7 0 
e 11 4 0 
t # 31# (0, 855, 11)
v 8 0
v 11 102
v 10 0
v 3 4
e 8 3 0 
e 8 10 0 
e 8 11 0 
e 11 8 0 
e 10 8 0 
e 3 8 0 
t # 32# (0, 856, 1)
v 0 0
v 1 100
v 2 0
v 3 4
v 4 0
v 5 0
v 9 0
v 10 2
v 11 0
v 12 0
e 0 1 0 
e 0 2 0 
e 0 3 0 
e 1 0 0 
e 1 4 0 
e 1 5 0 
e 2 0 0 
e 3 0 0 
e 4 1 0 
e 4 9 0 
e 4 10 0 
e 5 1 0 
e 5 11 0 
e 5 12 0 
e 9 4 0 
e 10 4 0 
e 11 5 0 
e 12 5 0 
t # 33# (0, 857, 12)
v 2 0
v 3 0
v 6 0
v 8 0
v 12 100
v 13 0
v 15 0
v 17 0
v 18 6
v 21 3
e 2 6 0 
e 3 8 0 
e 6 2 0 
e 6 12 0 
e 6 21 0 
e 8 3 0 
e 8 12 0 
e 8 13 0 
e 12 6 0 
e 12 8 0 
e 12 15 0 
e 13 8 0 
e 15 12 0 
e 15 17 0 
e 15 18 0 
e 17 15 0 
e 18 15 0 
e 21 6 0 
t # 34# (0, 857, 15)
v 6 0
v 8 0
v 12 0
v 15 100
v 16 0
v 17 0
v 18 6
v 29 3
e 6 12 0 
e 8 12 0 
e 12 6 0 
e 12 8 0 
e 12 15 0 
e 15 12 0 
e 15 17 0 
e 15 18 0 
e 16 17 0 
e 17 15 0 
e 17 16 0 
e 17 29 0 
e 18 15 0 
e 29 17 0 
t # 35# (0, 879, 3)
v 0 0
v 1 0
v 2 4
v 3 102
e 0 1 0 
e 0 2 0 
e 0 3 0 
e 1 0 0 
e 2 0 0 
e 3 0 0 
t # 36# (0, 879, 7)
v 1 0
v 4 0
v 6 4
v 7 102
e 1 4 0 
e 4 1 0 
e 4 6 0 
e 4 7 0 
e 6 4 0 
e 7 4 0 
t # 37# (0, 948, 0)
v 0 100
v 1 0
v 2 0
v 3 2
v 4 0
v 5 2
v 6 1
v 7 1
v 9 3
e 0 1 0 
e 0 2 0 
e 0 3 0 
e 1 0 0 
e 1 4 0 
e 1 5 0 
e 2 0 0 
e 2 6 0 
e 2 7 0 
e 2 9 0 
e 3 0 0 
e 4 1 0 
e 4 6 0 
e 5 1 0 
e 6 2 0 
e 6 4 0 
e 7 2 0 
e 9 2 0 
t # 38# (1, 951, 0)
v 0 100
v 1 0
v 2 0
v 3 2
v 4 0
v 5 2
v 6 0
v 14 3
e 0 1 0 
e 0 2 0 
e 0 3 0 
e 1 0 0 
e 1 4 0 
e 1 5 0 
e 2 0 0 
e 2 6 0 
e 2 14 0 
e 3 0 0 
e 4 1 0 
e 5 1 0 
e 6 2 0 
e 14 2 0 
t # 39# (1, 951, 1)
v 0 0
v 1 100
v 2 0
v 3 2
v 4 0
v 5 2
v 7 0
v 15 3
e 0 1 0 
e 0 2 0 
e 0 3 0 
e 1 0 0 
e 1 4 0 
e 1 5 0 
e 2 0 0 
e 3 0 0 
e 4 1 0 
e 4 7 0 
e 4 15 0 
e 5 1 0 
e 7 4 0 
e 15 4 0 
t # 40# (1, 962, 0)
v 0 100
v 1 0
v 2 0
v 3 2
v 4 4
v 5 2
v 6 0
v 8 3
e 0 1 0 
e 0 2 0 
e 0 3 0 
e 1 0 0 
e 1 4 0 
e 1 5 0 
e 2 0 0 
e 2 6 0 
e 2 8 0 
e 3 0 0 
e 4 1 0 
e 5 1 0 
e 6 2 0 
e 8 2 0 
t # 41# (1, 962, 1)
v 0 0
v 1 100
v 2 0
v 3 2
v 4 4
v 5 2
v 7 0
e 0 1 0 
e 0 2 0 
e 0 3 0 
e 1 0 0 
e 1 4 0 
e 1 5 0 
e 2 0 0 
e 3 0 0 
e 4 1 0 
e 4 7 0 
e 5 1 0 
e 7 4 0 
t # 42# (1, 962, 5)
v 0 0
v 1 0
v 4 4
v 5 102
e 0 1 0 
e 1 0 0 
e 1 4 0 
e 1 5 0 
e 4 1 0 
e 5 1 0 
t # 43# (1, 971, 14)
v 5 0
v 9 4
v 12 0
v 14 100
v 15 0
v 16 2
v 17 2
e 5 9 0 
e 9 5 0 
e 9 14 0 
e 12 15 0 
e 14 9 0 
e 14 15 0 
e 14 16 0 
e 15 12 0 
e 15 14 0 
e 15 17 0 
e 16 14 0 
e 17 15 0 
t # 44# (1, 971, 15)
v 8 0
v 9 4
v 12 0
v 14 0
v 15 100
v 16 2
v 17 2
v 28 3
e 8 12 0 
e 9 14 0 
e 12 8 0 
e 12 15 0 
e 12 28 0 
e 14 9 0 
e 14 15 0 
e 14 16 0 
e 15 12 0 
e 15 14 0 
e 15 17 0 
e 16 14 0 
e 17 15 0 
e 28 12 0 
t # 45# (1, 971, 16)
v 16 102
v 9 4
v 14 0
v 15 0
e 16 14 0 
e 9 14 0 
e 14 16 0 
e 14 9 0 
e 14 15 0 
e 15 14 0 
t # 46# (0, 975, 14)
v 2 0
v 7 0
v 14 100
v 15 0
v 21 0
v 22 6
v 27 1
v 30 3
e 2 7 0 
e 7 2 0 
e 7 14 0 
e 7 30 0 
e 14 7 0 
e 14 21 0 
e 14 22 0 
e 15 21 0 
e 21 14 0 
e 21 15 0 
e 21 27 0 
e 22 14 0 
e 27 21 0 
e 30 7 0 
t # 47# (0, 975, 15)
v 2 0
v 8 0
v 14 0
v 15 100
v 21 0
v 23 6
v 27 1
v 31 3
e 2 8 0 
e 8 2 0 
e 8 15 0 
e 8 31 0 
e 14 21 0 
e 15 8 0 
e 15 21 0 
e 15 23 0 
e 21 14 0 
e 21 15 0 
e 21 27 0 
e 23 15 0 
e 27 21 0 
e 31 8 0 
t # 48# (0, 975, 16)
v 32 3
v 3 0
v 9 0
v 16 100
v 17 0
v 24 0
v 25 6
v 28 1
e 32 9 0 
e 3 9 0 
e 9 32 0 
e 9 3 0 
e 9 16 0 
e 16 9 0 
e 16 24 0 
e 16 25 0 
e 17 24 0 
e 24 16 0 
e 24 17 0 
e 24 28 0 
e 25 16 0 
e 28 24 0 
t # 49# (0, 975, 17)
v 33 3
v 3 0
v 10 0
v 16 0
v 17 100
v 24 0
v 26 6
v 28 1
e 33 10 0 
e 3 10 0 
e 10 33 0 
e 10 3 0 
e 10 17 0 
e 16 24 0 
e 17 10 0 
e 17 24 0 
e 17 26 0 
e 24 16 0 
e 24 17 0 
e 24 28 0 
e 26 17 0 
e 28 24 0 
t # 50# (1, 1076, 1)
v 0 0
v 1 100
v 2 0
v 3 0
v 4 0
v 5 6
v 7 0
v 12 3
e 0 1 0 
e 0 2 0 
e 0 3 0 
e 1 0 0 
e 1 4 0 
e 1 5 0 
e 2 0 0 
e 3 0 0 
e 4 1 0 
e 4 7 0 
e 4 12 0 
e 5 1 0 
e 7 4 0 
e 12 4 0 
t # 51# (0, 1083, 2)
v 0 0
v 1 0
v 2 100
v 3 4
v 5 0
v 6 6
v 9 0
v 14 3
e 0 1 0 
e 0 2 0 
e 0 3 0 
e 1 0 0 
e 2 0 0 
e 2 5 0 
e 2 6 0 
e 3 0 0 
e 5 2 0 
e 5 9 0 
e 5 14 0 
e 6 2 0 
e 9 5 0 
e 14 5 0 
t # 52# (0, 1173, 0)
v 0 100
v 1 0
v 2 0
v 3 2
v 4 0
v 5 2
v 6 0
v 9 3
e 0 1 0 
e 0 2 0 
e 0 3 0 
e 1 0 0 
e 1 4 0 
e 1 5 0 
e 2 0 0 
e 2 6 0 
e 2 9 0 
e 3 0 0 
e 4 1 0 
e 5 1 0 
e 6 2 0 
e 9 2 0 
t # 53# (0, 1173, 1)
v 0 0
v 1 100
v 2 0
v 3 2
v 4 0
v 5 2
v 7 0
v 10 3
e 0 1 0 
e 0 2 0 
e 0 3 0 
e 1 0 0 
e 1 4 0 
e 1 5 0 
e 2 0 0 
e 3 0 0 
e 4 1 0 
e 4 7 0 
e 4 10 0 
e 5 1 0 
e 7 4 0 
e 10 4 0 
t # 54# (0, 1180, 6)
v 0 0
v 2 0
v 6 100
v 7 0
v 10 0
v 11 6
v 14 4
v 16 3
e 0 2 0 
e 2 0 0 
e 2 6 0 
e 2 16 0 
e 6 2 0 
e 6 10 0 
e 6 11 0 
e 7 10 0 
e 10 6 0 
e 10 7 0 
e 10 14 0 
e 11 6 0 
e 14 10 0 
e 16 2 0 
t # 55# (0, 1180, 8)
v 1 0
v 4 0
v 8 100
v 9 0
v 12 0
v 13 6
v 15 4
v 18 3
e 1 4 0 
e 4 1 0 
e 4 8 0 
e 4 18 0 
e 8 4 0 
e 8 12 0 
e 8 13 0 
e 9 12 0 
e 12 8 0 
e 12 9 0 
e 12 15 0 
e 13 8 0 
e 15 12 0 
e 18 4 0 
t # 56# (1, 1187, 2)
v 0 0
v 1 0
v 2 100
v 3 4
v 6 0
v 7 2
v 10 0
v 12 2
e 0 1 0 
e 0 2 0 
e 0 3 0 
e 1 0 0 
e 2 0 0 
e 2 6 0 
e 2 7 0 
e 3 0 0 
e 6 2 0 
e 6 10 0 
e 6 12 0 
e 7 2 0 
e 10 6 0 
e 12 6 0 
t # 57# (1, 1187, 6)
v 0 0
v 2 0
v 4 0
v 6 100
v 7 2
v 10 0
v 12 2
v 14 3
e 0 2 0 
e 2 0 0 
e 2 6 0 
e 2 7 0 
e 4 10 0 
e 6 2 0 
e 6 10 0 
e 6 12 0 
e 7 2 0 
e 10 4 0 
e 10 6 0 
e 10 14 0 
e 12 6 0 
e 14 10 0 
t # 58# (1, 1211, 4)
v 0 0
v 1 0
v 4 100
v 5 2
v 6 0
v 8 0
v 9 2
v 12 3
e 0 1 0 
e 1 0 0 
e 1 4 0 
e 1 5 0 
e 4 1 0 
e 4 8 0 
e 4 9 0 
e 5 1 0 
e 6 8 0 
e 8 4 0 
e 8 6 0 
e 8 12 0 
e 9 4 0 
e 12 8 0 
t # 59# (1, 1211, 6)
v 0 0
v 2 0
v 4 0
v 6 100
v 7 2
v 8 0
v 10 2
v 12 3
e 0 2 0 
e 2 0 0 
e 2 6 0 
e 2 7 0 
e 4 8 0 
e 6 2 0 
e 6 8 0 
e 6 10 0 
e 7 2 0 
e 8 4 0 
e 8 6 0 
e 8 12 0 
e 10 6 0 
e 12 8 0 
t # 60# (1, 1235, 3)
v 0 0
v 1 0
v 2 4
v 3 102
e 0 1 0 
e 0 2 0 
e 0 3 0 
e 1 0 0 
e 2 0 0 
e 3 0 0 
t # 61# (1, 1240, 6)
v 0 0
v 2 0
v 6 100
v 7 1
v 8 0
v 10 0
v 11 6
v 22 3
e 0 2 0 
e 2 0 0 
e 2 6 0 
e 2 7 0 
e 6 2 0 
e 6 10 0 
e 6 11 0 
e 7 2 0 
e 8 10 0 
e 10 6 0 
e 10 8 0 
e 10 22 0 
e 11 6 0 
e 22 10 0 
t # 62# (1, 1298, 11)
v 11 102
v 9 4
v 3 0
v 6 0
e 11 6 0 
e 9 6 0 
e 3 6 0 
e 6 11 0 
e 6 9 0 
e 6 3 0 
t # 63# (1, 1377, 2)
v 0 0
v 1 0
v 2 100
v 3 2
v 6 0
v 7 2
v 8 0
v 11 3
e 0 1 0 
e 0 2 0 
e 0 3 0 
e 1 0 0 
e 2 0 0 
e 2 6 0 
e 2 7 0 
e 3 0 0 
e 6 2 0 
e 6 8 0 
e 6 11 0 
e 7 2 0 
e 8 6 0 
e 11 6 0 
t # 64# (1, 1412, 6)
v 0 0
v 2 0
v 4 0
v 6 100
v 7 2
v 8 0
v 10 2
v 12 3
e 0 2 0 
e 2 0 0 
e 2 6 0 
e 2 7 0 
e 4 8 0 
e 6 2 0 
e 6 8 0 
e 6 10 0 
e 7 2 0 
e 8 4 0 
e 8 6 0 
e 8 12 0 
e 10 6 0 
e 12 8 0 
t # 65# (0, 1442, 0)
v 0 100
v 1 0
v 2 0
v 3 4
v 4 0
v 5 2
v 6 0
v 7 2
v 8 1
v 9 1
e 0 1 0 
e 0 2 0 
e 0 3 0 
e 1 0 0 
e 1 4 0 
e 1 5 0 
e 2 0 0 
e 2 6 0 
e 2 7 0 
e 3 0 0 
e 3 8 0 
e 3 9 0 
e 4 1 0 
e 5 1 0 
e 6 2 0 
e 7 2 0 
e 8 3 0 
e 9 3 0 
t # 66# (0, 1442, 1)
v 0 0
v 1 100
v 2 0
v 3 4
v 4 0
v 5 2
v 10 0
v 11 2
e 0 1 0 
e 0 2 0 
e 0 3 0 
e 1 0 0 
e 1 4 0 
e 1 5 0 
e 2 0 0 
e 3 0 0 
e 4 1 0 
e 4 10 0 
e 4 11 0 
e 5 1 0 
e 10 4 0 
e 11 4 0 
t # 67# (0, 1442, 2)
v 0 0
v 1 0
v 2 100
v 3 4
v 6 0
v 7 2
v 10 0
v 12 2
e 0 1 0 
e 0 2 0 
e 0 3 0 
e 1 0 0 
e 2 0 0 
e 2 6 0 
e 2 7 0 
e 3 0 0 
e 6 2 0 
e 6 10 0 
e 6 12 0 
e 7 2 0 
e 10 6 0 
e 12 6 0 
t # 68# (0, 1442, 10)
v 1 0
v 2 0
v 4 0
v 6 0
v 10 100
v 11 2
v 12 2
v 13 1
v 14 0
e 1 4 0 
e 2 6 0 
e 4 1 0 
e 4 10 0 
e 4 11 0 
e 6 2 0 
e 6 10 0 
e 6 12 0 
e 10 4 0 
e 10 6 0 
e 10 13 0 
e 11 4 0 
e 12 6 0 
e 13 10 0 
e 13 14 0 
e 14 13 0 
t # 69# (1, 1476, 1)
v 0 2
v 1 100
v 2 0
v 3 0
v 4 0
v 5 0
v 6 0
v 7 2
v 8 2
v 9 0
v 10 2
v 11 0
v 17 3
e 0 1 0 
e 1 0 0 
e 1 2 0 
e 1 3 0 
e 1 4 0 
e 2 1 0 
e 2 5 0 
e 2 6 0 
e 2 17 0 
e 3 1 0 
e 3 7 0 
e 3 8 0 
e 3 9 0 
e 4 1 0 
e 4 10 0 
e 4 11 0 
e 5 2 0 
e 5 9 0 
e 6 2 0 
e 7 3 0 
e 8 3 0 
e 9 3 0 
e 9 5 0 
e 9 11 0 
e 10 4 0 
e 11 4 0 
e 11 9 0 
e 17 2 0 
t # 70# (1, 1476, 9)
v 1 0
v 2 0
v 3 0
v 4 0
v 5 0
v 7 2
v 8 2
v 9 100
v 11 0
v 12 0
v 15 2
v 16 2
v 18 3
e 1 2 0 
e 1 3 0 
e 1 4 0 
e 2 1 0 
e 2 5 0 
e 3 1 0 
e 3 7 0 
e 3 8 0 
e 3 9 0 
e 4 1 0 
e 4 11 0 
e 5 2 0 
e 5 9 0 
e 5 12 0 
e 5 18 0 
e 7 3 0 
e 8 3 0 
e 9 3 0 
e 9 5 0 
e 9 11 0 
e 9 15 0 
e 11 4 0 
e 11 9 0 
e 11 16 0 
e 12 5 0 
e 15 9 0 
e 16 11 0 
e 18 5 0 
t # 71# (1, 1516, 7)
v 0 0
v 2 0
v 6 4
v 7 102
e 0 2 0 
e 2 0 0 
e 2 6 0 
e 2 7 0 
e 6 2 0 
e 7 2 0 
t # 72# (1, 1516, 10)
v 1 0
v 10 102
v 4 0
v 9 4
e 1 4 0 
e 10 4 0 
e 4 1 0 
e 4 10 0 
e 4 9 0 
e 9 4 0 
t # 73# (0, 1518, 0)
v 0 100
v 1 0
v 2 0
v 3 4
v 4 0
v 5 2
v 6 0
v 7 2
v 8 1
v 9 1
e 0 1 0 
e 0 2 0 
e 0 3 0 
e 1 0 0 
e 1 4 0 
e 1 5 0 
e 2 0 0 
e 2 6 0 
e 2 7 0 
e 3 0 0 
e 3 8 0 
e 3 9 0 
e 4 1 0 
e 5 1 0 
e 6 2 0 
e 7 2 0 
e 8 3 0 
e 9 3 0 
t # 74# (0, 1518, 1)
v 0 0
v 1 100
v 2 0
v 3 4
v 4 0
v 5 2
v 10 0
v 11 2
e 0 1 0 
e 0 2 0 
e 0 3 0 
e 1 0 0 
e 1 4 0 
e 1 5 0 
e 2 0 0 
e 3 0 0 
e 4 1 0 
e 4 10 0 
e 4 11 0 
e 5 1 0 
e 10 4 0 
e 11 4 0 
t # 75# (0, 1518, 2)
v 0 0
v 1 0
v 2 100
v 3 4
v 6 0
v 7 2
v 10 0
v 12 2
e 0 1 0 
e 0 2 0 
e 0 3 0 
e 1 0 0 
e 2 0 0 
e 2 6 0 
e 2 7 0 
e 3 0 0 
e 6 2 0 
e 6 10 0 
e 6 12 0 
e 7 2 0 
e 10 6 0 
e 12 6 0 
t # 76# (1, 1534, 4)
v 0 4
v 1 0
v 3 0
v 4 102
e 0 1 0 
e 1 0 0 
e 1 3 0 
e 1 4 0 
e 3 1 0 
e 4 1 0 
t # 77# (1, 1534, 6)
v 0 4
v 2 0
v 5 0
v 6 102
e 0 2 0 
e 2 0 0 
e 2 5 0 
e 2 6 0 
e 5 2 0 
e 6 2 0 
t # 78# (1, 1608, 6)
v 0 0
v 2 0
v 4 0
v 6 100
v 8 0
v 9 2
v 12 2
v 15 3
e 0 2 0 
e 2 0 0 
e 2 6 0 
e 2 15 0 
e 4 8 0 
e 6 2 0 
e 6 8 0 
e 6 9 0 
e 8 4 0 
e 8 6 0 
e 8 12 0 
e 9 6 0 
e 12 8 0 
e 15 2 0 
t # 79# (1, 1608, 8)
v 1 0
v 2 0
v 4 0
v 6 0
v 8 100
v 9 2
v 12 2
v 16 3
e 1 4 0 
e 2 6 0 
e 4 1 0 
e 4 8 0 
e 4 16 0 
e 6 2 0 
e 6 8 0 
e 6 9 0 
e 8 4 0 
e 8 6 0 
e 8 12 0 
e 9 6 0 
e 12 8 0 
e 16 4 0 
t # 80# (1, 1643, 9)
v 0 0
v 3 0
v 7 0
v 9 100
v 12 0
v 13 2
v 16 2
v 19 3
e 0 3 0 
e 3 0 0 
e 3 9 0 
e 3 19 0 
e 7 12 0 
e 9 3 0 
e 9 12 0 
e 9 13 0 
e 12 7 0 
e 12 9 0 
e 12 16 0 
e 13 9 0 
e 16 12 0 
e 19 3 0 
t # 81# (1, 1643, 12)
v 2 0
v 3 0
v 7 0
v 9 0
v 12 100
v 13 2
v 16 2
v 20 3
e 2 7 0 
e 3 9 0 
e 7 2 0 
e 7 12 0 
e 7 20 0 
e 9 3 0 
e 9 12 0 
e 9 13 0 
e 12 7 0 
e 12 9 0 
e 12 16 0 
e 13 9 0 
e 16 12 0 
e 20 7 0 
t # 82# (0, 1688, 14)
v 6 0
v 10 0
v 12 0
v 14 100
v 17 0
v 18 2
v 19 2
v 22 3
e 6 10 0 
e 10 6 0 
e 10 14 0 
e 10 22 0 
e 12 17 0 
e 14 10 0 
e 14 17 0 
e 14 18 0 
e 17 12 0 
e 17 14 0 
e 17 19 0 
e 18 14 0 
e 19 17 0 
e 22 10 0 
t # 83# (0, 1688, 17)
v 8 0
v 10 0
v 12 0
v 14 0
v 17 100
v 18 2
v 19 2
v 23 3
e 8 12 0 
e 10 14 0 
e 12 8 0 
e 12 17 0 
e 12 23 0 
e 14 10 0 
e 14 17 0 
e 14 18 0 
e 17 12 0 
e 17 14 0 
e 17 19 0 
e 18 14 0 
e 19 17 0 
e 23 12 0 
t # 84# (1, 1708, 1)
v 0 0
v 1 100
v 2 0
v 3 2
v 4 0
v 5 2
v 8 0
v 10 3
e 0 1 0 
e 0 2 0 
e 0 3 0 
e 1 0 0 
e 1 4 0 
e 1 5 0 
e 2 0 0 
e 3 0 0 
e 4 1 0 
e 4 8 0 
e 4 10 0 
e 5 1 0 
e 8 4 0 
e 10 4 0 
t # 85# (1, 1708, 2)
v 0 0
v 1 0
v 2 100
v 3 2
v 6 0
v 7 2
v 8 0
v 11 3
e 0 1 0 
e 0 2 0 
e 0 3 0 
e 1 0 0 
e 2 0 0 
e 2 6 0 
e 2 7 0 
e 3 0 0 
e 6 2 0 
e 6 8 0 
e 6 11 0 
e 7 2 0 
e 8 6 0 
e 11 6 0 
t # 86# (1, 1790, 4)
v 0 0
v 1 0
v 4 100
v 5 5
v 6 0
v 8 0
v 9 2
v 11 5
e 0 1 0 
e 1 0 0 
e 1 4 0 
e 1 5 0 
e 4 1 0 
e 4 8 0 
e 4 9 0 
e 5 1 0 
e 6 8 0 
e 8 4 0 
e 8 6 0 
e 8 11 0 
e 9 4 0 
e 11 8 0 
t # 87# (1, 1790, 6)
v 0 0
v 2 0
v 4 0
v 6 100
v 7 5
v 8 0
v 10 2
v 11 5
e 0 2 0 
e 2 0 0 
e 2 6 0 
e 2 7 0 
e 4 8 0 
e 6 2 0 
e 6 8 0 
e 6 10 0 
e 7 2 0 
e 8 4 0 
e 8 6 0 
e 8 11 0 
e 10 6 0 
e 11 8 0 
t # 88# (1, 1790, 8)
v 1 0
v 2 0
v 4 0
v 6 0
v 8 100
v 9 2
v 10 2
v 11 5
e 1 4 0 
e 2 6 0 
e 4 1 0 
e 4 8 0 
e 4 9 0 
e 6 2 0 
e 6 8 0 
e 6 10 0 
e 8 4 0 
e 8 6 0 
e 8 11 0 
e 9 4 0 
e 10 6 0 
e 11 8 0 
t # 89# (0, 1833, 11)
v 1 0
v 2 0
v 4 0
v 6 0
v 10 4
v 11 100
v 13 0
v 19 5
e 1 4 0 
e 2 6 0 
e 4 1 0 
e 4 10 0 
e 4 11 0 
e 6 2 0 
e 6 11 0 
e 6 13 0 
e 10 4 0 
e 11 4 0 
e 11 6 0 
e 11 19 0 
e 13 6 0 
e 19 11 0 
t # 90# (1, 1878, 7)
v 4 0
v 5 4
v 6 0
v 7 102
e 4 6 0 
e 5 6 0 
e 6 4 0 
e 6 5 0 
e 6 7 0 
e 7 6 0 
t # 91# (1, 1885, 8)
v 0 0
v 3 0
v 6 0
v 8 100
v 11 0
v 12 2
v 16 2
v 19 3
e 0 3 0 
e 3 0 0 
e 3 8 0 
e 3 19 0 
e 6 11 0 
e 8 3 0 
e 8 11 0 
e 8 12 0 
e 11 6 0 
e 11 8 0 
e 11 16 0 
e 12 8 0 
e 16 11 0 
e 19 3 0 
t # 92# (1, 1885, 11)
v 2 0
v 3 0
v 6 0
v 8 0
v 11 100
v 12 2
v 16 2
v 21 3
e 2 6 0 
e 3 8 0 
e 6 2 0 
e 6 11 0 
e 6 21 0 
e 8 3 0 
e 8 11 0 
e 8 12 0 
e 11 6 0 
e 11 8 0 
e 11 16 0 
e 12 8 0 
e 16 11 0 
e 21 6 0 
t # 93# (0, 1897, 1)
v 0 0
v 1 100
v 2 0
v 3 2
v 4 2
v 6 3
e 0 1 0 
e 0 2 0 
e 0 6 0 
e 1 0 0 
e 1 3 0 
e 1 4 0 
e 2 0 0 
e 3 1 0 
e 4 1 0 
e 6 0 0 
t # 94# (0, 1904, 0)
v 0 100
v 1 1
v 2 0
v 3 0
v 4 0
v 5 0
v 6 2
v 7 0
v 8 2
e 0 1 0 
e 0 2 0 
e 0 3 0 
e 1 0 0 
e 1 4 0 
e 2 0 0 
e 2 5 0 
e 2 6 0 
e 3 0 0 
e 3 7 0 
e 3 8 0 
e 4 1 0 
e 5 2 0 
e 6 2 0 
e 7 3 0 
e 8 3 0 
t # 95# (1, 1946, 0)
v 0 100
v 1 0
v 2 0
v 3 0
v 4 2
v 5 0
v 6 2
v 7 2
v 8 0
v 9 0
v 10 0
v 11 2
v 17 3
e 0 1 0 
e 0 2 0 
e 0 3 0 
e 0 4 0 
e 1 0 0 
e 1 5 0 
e 1 6 0 
e 1 7 0 
e 2 0 0 
e 2 8 0 
e 2 9 0 
e 2 17 0 
e 3 0 0 
e 3 10 0 
e 3 11 0 
e 4 0 0 
e 5 1 0 
e 5 8 0 
e 5 10 0 
e 6 1 0 
e 7 1 0 
e 8 2 0 
e 8 5 0 
e 9 2 0 
e 10 3 0 
e 10 5 0 
e 11 3 0 
e 17 2 0 
t # 96# (1, 1946, 5)
v 0 0
v 1 0
v 2 0
v 3 0
v 5 100
v 6 2
v 7 2
v 8 0
v 10 0
v 12 2
v 13 0
v 15 2
v 18 3
e 0 1 0 
e 0 2 0 
e 0 3 0 
e 1 0 0 
e 1 5 0 
e 1 6 0 
e 1 7 0 
e 2 0 0 
e 2 8 0 
e 3 0 0 
e 3 10 0 
e 5 1 0 
e 5 8 0 
e 5 10 0 
e 5 12 0 
e 6 1 0 
e 7 1 0 
e 8 2 0 
e 8 5 0 
e 8 13 0 
e 8 18 0 
e 10 3 0 
e 10 5 0 
e 10 15 0 
e 12 5 0 
e 13 8 0 
e 15 10 0 
e 18 8 0 
t # 97# (0, 2004, 1)
v 0 0
v 1 100
v 2 0
v 3 4
v 4 0
v 5 2
v 9 0
v 10 2
e 0 1 0 
e 0 2 0 
e 0 3 0 
e 1 0 0 
e 1 4 0 
e 1 5 0 
e 2 0 0 
e 3 0 0 
e 4 1 0 
e 4 9 0 
e 4 10 0 
e 5 1 0 
e 9 4 0 
e 10 4 0 
t # 98# (0, 2004, 6)
v 0 0
v 2 0
v 4 0
v 6 100
v 9 0
v 11 2
v 12 2
v 13 3
e 0 2 0 
e 2 0 0 
e 2 6 0 
e 2 13 0 
e 4 9 0 
e 6 2 0 
e 6 9 0 
e 6 11 0 
e 9 4 0 
e 9 6 0 
e 9 12 0 
e 11 6 0 
e 12 9 0 
e 13 2 0 
t # 99# (1, 2075, 0)
v 0 100
v 1 0
v 2 0
v 3 2
v 4 0
v 5 2
v 6 0
v 9 3
e 0 1 0 
e 0 2 0 
e 0 3 0 
e 1 0 0 
e 1 4 0 
e 1 5 0 
e 2 0 0 
e 2 6 0 
e 2 9 0 
e 3 0 0 
e 4 1 0 
e 5 1 0 
e 6 2 0 
e 9 2 0 
t # 100# (1, 2075, 1)
v 0 0
v 1 100
v 2 0
v 3 2
v 4 0
v 5 2
v 7 0
v 10 3
e 0 1 0 
e 0 2 0 
e 0 3 0 
e 1 0 0 
e 1 4 0 
e 1 5 0 
e 2 0 0 
e 3 0 0 
e 4 1 0 
e 4 7 0 
e 4 10 0 
e 5 1 0 
e 7 4 0 
e 10 4 0 
t # 101# (0, 2103, 0)
v 0 100
v 1 0
v 2 0
v 3 0
v 4 0
v 5 0
v 6 0
v 7 0
v 8 0
v 9 2
e 0 1 0 
e 0 2 0 
e 0 3 0 
e 1 0 0 
e 1 4 0 
e 1 5 0 
e 2 0 0 
e 2 6 0 
e 2 7 0 
e 3 0 0 
e 3 8 0 
e 3 9 0 
e 4 1 0 
e 5 1 0 
e 6 2 0 
e 7 2 0 
e 8 3 0 
e 9 3 0 
t # 102# (1, 2198, 8)
v 0 0
v 3 0
v 6 0
v 8 100
v 9 2
v 11 0
v 13 2
v 24 3
e 0 3 0 
e 3 0 0 
e 3 8 0 
e 3 9 0 
e 6 11 0 
e 8 3 0 
e 8 11 0 
e 8 13 0 
e 9 3 0 
e 11 6 0 
e 11 8 0 
e 11 24 0 
e 13 8 0 
e 24 11 0 
t # 103# (1, 2237, 0)
v 0 102
v 1 0
v 2 0
v 3 4
e 0 1 0 
e 1 0 0 
e 1 2 0 
e 1 3 0 
e 2 1 0 
e 3 1 0 
t # 104# (1, 2250, 1)
v 0 0
v 1 100
v 2 0
v 3 2
v 4 0
v 5 2
v 8 0
v 10 3
e 0 1 0 
e 0 2 0 
e 0 3 0 
e 1 0 0 
e 1 4 0 
e 1 5 0 
e 2 0 0 
e 3 0 0 
e 4 1 0 
e 4 8 0 
e 4 10 0 
e 5 1 0 
e 8 4 0 
e 10 4 0 
t # 105# (1, 2250, 2)
v 0 0
v 1 0
v 2 100
v 3 2
v 6 0
v 7 2
v 8 0
v 11 3
e 0 1 0 
e 0 2 0 
e 0 3 0 
e 1 0 0 
e 2 0 0 
e 2 6 0 
e 2 7 0 
e 3 0 0 
e 6 2 0 
e 6 8 0 
e 6 11 0 
e 7 2 0 
e 8 6 0 
e 11 6 0 
t # 106# (0, 2282, 2)
v 0 0
v 1 0
v 2 100
v 3 0
v 4 0
v 6 0
v 7 0
v 8 2
v 11 0
v 14 2
v 15 2
v 16 2
v 19 3
e 0 1 0 
e 0 2 0 
e 0 3 0 
e 0 19 0 
e 1 0 0 
e 1 4 0 
e 2 0 0 
e 2 6 0 
e 2 7 0 
e 2 8 0 
e 3 0 0 
e 4 1 0 
e 4 6 0 
e 4 11 0 
e 6 2 0 
e 6 4 0 
e 6 14 0 
e 6 15 0 
e 7 2 0 
e 7 11 0 
e 7 16 0 
e 8 2 0 
e 11 4 0 
e 11 7 0 
e 14 6 0 
e 15 6 0 
e 16 7 0 
e 19 0 0 
t # 107# (0, 2282, 4)
v 0 0
v 1 0
v 2 0
v 4 100
v 5 0
v 6 0
v 7 0
v 11 0
v 12 2
v 14 2
v 15 2
v 18 2
v 20 3
e 0 1 0 
e 0 2 0 
e 1 0 0 
e 1 4 0 
e 1 5 0 
e 1 20 0 
e 2 0 0 
e 2 6 0 
e 2 7 0 
e 4 1 0 
e 4 6 0 
e 4 11 0 
e 4 12 0 
e 5 1 0 
e 6 2 0 
e 6 4 0 
e 6 14 0 
e 6 15 0 
e 7 2 0 
e 7 11 0 
e 11 4 0 
e 11 7 0 
e 11 18 0 
e 12 4 0 
e 14 6 0 
e 15 6 0 
e 18 11 0 
e 20 1 0 
t # 108# (0, 2291, 2)
v 0 2
v 1 0
v 2 100
v 3 0
v 4 2
v 5 0
v 8 0
v 10 3
e 0 1 0 
e 1 0 0 
e 1 2 0 
e 1 3 0 
e 2 1 0 
e 2 4 0 
e 2 5 0 
e 3 1 0 
e 4 2 0 
e 5 2 0 
e 5 8 0 
e 5 10 0 
e 8 5 0 
e 10 5 0 
t # 109# (0, 2291, 3)
v 0 2
v 1 0
v 2 0
v 3 100
v 6 2
v 7 0
v 8 0
v 11 3
e 0 1 0 
e 1 0 0 
e 1 2 0 
e 1 3 0 
e 2 1 0 
e 3 1 0 
e 3 6 0 
e 3 7 0 
e 6 3 0 
e 7 3 0 
e 7 8 0 
e 7 11 0 
e 8 7 0 
e 11 7 0 
t # 110# (1, 2372, 7)
v 0 0
v 3 0
v 5 0
v 7 100
v 9 0
v 11 2
v 13 2
v 18 3
e 0 3 0 
e 3 0 0 
e 3 7 0 
e 3 18 0 
e 5 9 0 
e 7 3 0 
e 7 9 0 
e 7 11 0 
e 9 5 0 
e 9 7 0 
e 9 13 0 
e 11 7 0 
e 13 9 0 
e 18 3 0 
t # 111# (1, 2372, 9)
v 1 0
v 3 0
v 5 0
v 7 0
v 9 100
v 11 2
v 13 2
v 19 3
e 1 5 0 
e 3 7 0 
e 5 1 0 
e 5 9 0 
e 5 19 0 
e 7 3 0 
e 7 9 0 
e 7 11 0 
e 9 5 0 
e 9 7 0 
e 9 13 0 
e 11 7 0 
e 13 9 0 
e 19 5 0 
t # 112# (1, 2372, 14)
v 6 0
v 10 0
v 12 0
v 14 100
v 15 0
v 16 2
v 17 2
v 20 3
e 6 10 0 
e 10 6 0 
e 10 14 0 
e 10 20 0 
e 12 15 0 
e 14 10 0 
e 14 15 0 
e 14 16 0 
e 15 12 0 
e 15 14 0 
e 15 17 0 
e 16 14 0 
e 17 15 0 
e 20 10 0 
t # 113# (1, 2372, 15)
v 8 0
v 10 0
v 12 0
v 14 0
v 15 100
v 16 2
v 17 2
v 21 3
e 8 12 0 
e 10 14 0 
e 12 8 0 
e 12 15 0 
e 12 21 0 
e 14 10 0 
e 14 15 0 
e 14 16 0 
e 15 12 0 
e 15 14 0 
e 15 17 0 
e 16 14 0 
e 17 15 0 
e 21 12 0 
t # 114# (1, 2377, 0)
v 0 100
v 1 0
v 2 0
v 3 0
v 4 0
v 5 2
v 6 0
v 7 2
v 8 0
v 9 2
e 0 1 0 
e 0 2 0 
e 0 3 0 
e 1 0 0 
e 1 4 0 
e 1 5 0 
e 2 0 0 
e 2 6 0 
e 2 7 0 
e 3 0 0 
e 3 8 0 
e 3 9 0 
e 4 1 0 
e 5 1 0 
e 6 2 0 
e 7 2 0 
e 8 3 0 
e 9 3 0 
t # 115# (0, 2478, 9)
v 8 4
v 9 102
v 4 0
v 1 0
e 8 4 0 
e 9 4 0 
e 4 8 0 
e 4 9 0 
e 4 1 0 
e 1 4 0 
t # 116# (1, 2501, 1)
v 0 6
v 1 100
v 2 0
v 3 0
v 4 0
v 5 0
v 6 0
v 13 3
e 0 1 0 
e 1 0 0 
e 1 2 0 
e 1 3 0 
e 2 1 0 
e 2 4 0 
e 2 5 0 
e 3 1 0 
e 3 6 0 
e 3 13 0 
e 4 2 0 
e 5 2 0 
e 6 3 0 
e 13 3 0 
t # 117# (1, 2501, 2)
v 0 6
v 1 0
v 2 100
v 3 0
v 4 0
v 5 0
v 7 0
v 8 0
v 9 0
v 14 3
e 0 1 0 
e 1 0 0 
e 1 2 0 
e 1 3 0 
e 2 1 0 
e 2 4 0 
e 2 5 0 
e 3 1 0 
e 4 2 0 
e 4 7 0 
e 4 8 0 
e 5 2 0 
e 5 9 0 
e 5 14 0 
e 7 4 0 
e 8 4 0 
e 9 5 0 
e 14 5 0 
t # 118# (1, 2510, 2)
v 0 0
v 1 0
v 2 100
v 3 2
v 6 0
v 7 2
v 8 0
v 10 3
e 0 1 0 
e 0 2 0 
e 0 3 0 
e 1 0 0 
e 2 0 0 
e 2 6 0 
e 2 7 0 
e 3 0 0 
e 6 2 0 
e 6 8 0 
e 6 10 0 
e 7 2 0 
e 8 6 0 
e 10 6 0 
t # 119# (1, 2510, 4)
v 0 0
v 1 0
v 4 100
v 5 2
v 6 0
v 8 0
v 9 2
v 11 3
e 0 1 0 
e 1 0 0 
e 1 4 0 
e 1 5 0 
e 4 1 0 
e 4 8 0 
e 4 9 0 
e 5 1 0 
e 6 8 0 
e 8 4 0 
e 8 6 0 
e 8 11 0 
e 9 4 0 
e 11 8 0 
t # 120# (0, 2521, 0)
v 0 100
v 1 1
v 2 0
v 3 0
v 4 0
v 5 0
v 6 2
v 7 0
v 8 2
e 0 1 0 
e 0 2 0 
e 0 3 0 
e 1 0 0 
e 1 4 0 
e 2 0 0 
e 2 5 0 
e 2 6 0 
e 3 0 0 
e 3 7 0 
e 3 8 0 
e 4 1 0 
e 5 2 0 
e 6 2 0 
e 7 3 0 
e 8 3 0 
t # 121# (1, 2572, 4)
v 0 0
v 1 0
v 4 100
v 5 0
v 6 0
v 10 1
v 11 0
v 18 0
v 19 6
e 0 1 0 
e 1 0 0 
e 1 4 0 
e 1 5 0 
e 4 1 0 
e 4 10 0 
e 4 11 0 
e 5 1 0 
e 6 10 0 
e 10 4 0 
e 10 6 0 
e 11 4 0 
e 11 18 0 
e 11 19 0 
e 18 11 0 
e 19 11 0 
t # 122# (1, 2572, 6)
v 0 0
v 2 0
v 4 0
v 6 100
v 7 0
v 10 1
v 13 0
v 21 0
v 22 6
e 0 2 0 
e 2 0 0 
e 2 6 0 
e 2 7 0 
e 4 10 0 
e 6 2 0 
e 6 10 0 
e 6 13 0 
e 7 2 0 
e 10 4 0 
e 10 6 0 
e 13 6 0 
e 13 21 0 
e 13 22 0 
e 21 13 0 
e 22 13 0 
t # 123# (1, 2572, 12)
v 1 0
v 5 0
v 11 0
v 12 100
v 18 0
v 20 6
v 27 1
v 31 3
e 1 5 0 
e 5 1 0 
e 5 12 0 
e 5 31 0 
e 11 18 0 
e 12 5 0 
e 12 18 0 
e 12 20 0 
e 18 11 0 
e 18 12 0 
e 18 27 0 
e 20 12 0 
e 27 18 0 
e 31 5 0 
t # 124# (1, 2572, 14)
v 32 3
v 2 0
v 7 0
v 13 0
v 14 100
v 21 0
v 23 6
v 28 1
e 32 7 0 
e 2 7 0 
e 7 32 0 
e 7 2 0 
e 7 14 0 
e 13 21 0 
e 14 7 0 
e 14 21 0 
e 14 23 0 
e 21 13 0 
e 21 14 0 
e 21 28 0 
e 23 14 0 
e 28 21 0 
t # 125# (1, 2578, 11)
v 11 102
v 9 4
v 3 0
v 6 0
e 11 6 0 
e 9 6 0 
e 3 6 0 
e 6 11 0 
e 6 9 0 
e 6 3 0 
t # 126# (0, 2614, 9)
v 8 4
v 9 102
v 4 0
v 1 0
e 8 4 0 
e 9 4 0 
e 4 8 0 
e 4 9 0 
e 4 1 0 
e 1 4 0 
t # 127# (1, 2657, 0)
v 0 100
v 1 0
v 2 0
v 3 0
v 4 0
v 5 0
v 6 4
v 7 1
v 8 0
v 9 6
e 0 1 0 
e 0 2 0 
e 0 3 0 
e 1 0 0 
e 1 4 0 
e 1 5 0 
e 2 0 0 
e 2 6 0 
e 2 7 0 
e 3 0 0 
e 3 8 0 
e 3 9 0 
e 4 1 0 
e 4 6 0 
e 5 1 0 
e 6 2 0 
e 6 4 0 
e 7 2 0 
e 8 3 0 
e 9 3 0 
t # 128# (1, 2657, 1)
v 0 0
v 1 100
v 2 0
v 3 0
v 4 0
v 5 0
v 6 4
v 10 1
v 11 0
v 12 6
e 0 1 0 
e 0 2 0 
e 0 3 0 
e 1 0 0 
e 1 4 0 
e 1 5 0 
e 2 0 0 
e 2 6 0 
e 3 0 0 
e 4 1 0 
e 4 6 0 
e 4 10 0 
e 5 1 0 
e 5 11 0 
e 5 12 0 
e 6 2 0 
e 6 4 0 
e 10 4 0 
e 11 5 0 
e 12 5 0 
t # 129# (1, 2657, 20)
v 17 4
v 18 0
v 19 0
v 20 100
v 21 1
v 22 0
v 24 0
v 25 0
v 26 0
v 27 6
e 17 18 0 
e 17 19 0 
e 18 17 0 
e 18 20 0 
e 18 21 0 
e 19 17 0 
e 19 22 0 
e 20 18 0 
e 20 22 0 
e 20 24 0 
e 21 18 0 
e 22 19 0 
e 22 20 0 
e 22 25 0 
e 24 20 0 
e 24 26 0 
e 24 27 0 
e 25 22 0 
e 26 24 0 
e 27 24 0 
t # 130# (1, 2657, 22)
v 17 4
v 18 0
v 19 0
v 20 0
v 22 100
v 23 1
v 24 0
v 25 0
v 28 0
v 29 6
e 17 18 0 
e 17 19 0 
e 18 17 0 
e 18 20 0 
e 19 17 0 
e 19 22 0 
e 19 23 0 
e 20 18 0 
e 20 22 0 
e 20 24 0 
e 22 19 0 
e 22 20 0 
e 22 25 0 
e 23 19 0 
e 24 20 0 
e 25 22 0 
e 25 28 0 
e 25 29 0 
e 28 25 0 
e 29 25 0 
t # 131# (0, 2674, 7)
v 0 0
v 3 0
v 7 100
v 10 2
v 11 2
v 28 3
e 0 3 0 
e 3 0 0 
e 3 7 0 
e 3 28 0 
e 7 3 0 
e 7 10 0 
e 7 11 0 
e 10 7 0 
e 11 7 0 
e 28 3 0 
t # 132# (1, 2718, 0)
v 0 102
v 1 0
v 2 0
v 3 4
e 0 1 0 
e 1 0 0 
e 1 2 0 
e 1 3 0 
e 2 1 0 
e 3 1 0 
t # 133# (1, 2718, 6)
v 2 0
v 4 0
v 6 102
v 7 4
e 2 4 0 
e 4 2 0 
e 4 6 0 
e 4 7 0 
e 6 4 0 
e 7 4 0 
t # 134# (1, 2846, 5)
v 2 0
v 3 0
v 5 100
v 6 0
v 7 2
v 8 0
v 9 2
v 11 3
e 2 3 0 
e 3 2 0 
e 3 5 0 
e 3 11 0 
e 5 3 0 
e 5 7 0 
e 5 8 0 
e 6 8 0 
e 7 5 0 
e 8 5 0 
e 8 6 0 
e 8 9 0 
e 9 8 0 
e 11 3 0 
t # 135# (1, 2846, 8)
v 3 0
v 4 0
v 5 0
v 6 0
v 7 2
v 8 100
v 9 2
v 13 3
e 3 5 0 
e 4 6 0 
e 5 3 0 
e 5 7 0 
e 5 8 0 
e 6 4 0 
e 6 8 0 
e 6 13 0 
e 7 5 0 
e 8 5 0 
e 8 6 0 
e 8 9 0 
e 9 8 0 
e 13 6 0 
t # 136# (1, 2858, 4)
v 0 0
v 1 0
v 4 100
v 5 0
v 7 0
v 8 6
v 10 1
v 11 3
e 0 1 0 
e 1 0 0 
e 1 4 0 
e 1 11 0 
e 4 1 0 
e 4 7 0 
e 4 8 0 
e 5 7 0 
e 7 4 0 
e 7 5 0 
e 7 10 0 
e 8 4 0 
e 10 7 0 
e 11 1 0 
t # 137# (1, 2858, 5)
v 0 0
v 2 0
v 4 0
v 5 100
v 7 0
v 9 6
v 10 1
v 12 3
e 0 2 0 
e 2 0 0 
e 2 5 0 
e 2 12 0 
e 4 7 0 
e 5 2 0 
e 5 7 0 
e 5 9 0 
e 7 4 0 
e 7 5 0 
e 7 10 0 
e 9 5 0 
e 10 7 0 
e 12 2 0 
t # 138# (0, 2896, 3)
v 0 0
v 1 0
v 2 4
v 3 100
v 8 0
v 9 5
v 12 0
v 14 0
e 0 1 0 
e 0 2 0 
e 0 3 0 
e 1 0 0 
e 2 0 0 
e 3 0 0 
e 3 8 0 
e 3 9 0 
e 8 3 0 
e 8 12 0 
e 8 14 0 
e 9 3 0 
e 12 8 0 
e 14 8 0 
t # 139# (0, 2896, 8)
v 0 0
v 3 0
v 5 0
v 8 100
v 9 5
v 12 0
v 14 0
v 16 5
v 17 0
v 18 0
e 0 3 0 
e 3 0 0 
e 3 8 0 
e 3 9 0 
e 5 12 0 
e 8 3 0 
e 8 12 0 
e 8 14 0 
e 9 3 0 
e 12 5 0 
e 12 8 0 
e 12 16 0 
e 14 8 0 
e 14 17 0 
e 14 18 0 
e 16 12 0 
e 17 14 0 
e 18 14 0 
t # 140# (1, 2960, 0)
v 0 100
v 1 0
v 2 0
v 3 2
v 4 0
v 5 2
v 6 0
v 9 3
e 0 1 0 
e 0 2 0 
e 0 3 0 
e 1 0 0 
e 1 4 0 
e 1 5 0 
e 2 0 0 
e 2 6 0 
e 2 9 0 
e 3 0 0 
e 4 1 0 
e 5 1 0 
e 6 2 0 
e 9 2 0 
t # 141# (1, 2960, 1)
v 0 0
v 1 100
v 2 0
v 3 2
v 4 0
v 5 2
v 7 0
v 10 3
e 0 1 0 
e 0 2 0 
e 0 3 0 
e 1 0 0 
e 1 4 0 
e 1 5 0 
e 2 0 0 
e 3 0 0 
e 4 1 0 
e 4 7 0 
e 4 10 0 
e 5 1 0 
e 7 4 0 
e 10 4 0 
t # 142# (1, 2967, 14)
v 5 0
v 9 4
v 12 0
v 14 100
v 15 0
v 16 2
v 17 2
e 5 9 0 
e 9 5 0 
e 9 14 0 
e 12 15 0 
e 14 9 0 
e 14 15 0 
e 14 16 0 
e 15 12 0 
e 15 14 0 
e 15 17 0 
e 16 14 0 
e 17 15 0 
t # 143# (1, 2967, 15)
v 8 0
v 9 4
v 12 0
v 14 0
v 15 100
v 16 2
v 17 2
v 28 3
e 8 12 0 
e 9 14 0 
e 12 8 0 
e 12 15 0 
e 12 28 0 
e 14 9 0 
e 14 15 0 
e 14 16 0 
e 15 12 0 
e 15 14 0 
e 15 17 0 
e 16 14 0 
e 17 15 0 
e 28 12 0 
t # 144# (1, 2967, 16)
v 16 102
v 9 4
v 14 0
v 15 0
e 16 14 0 
e 9 14 0 
e 14 16 0 
e 14 9 0 
e 14 15 0 
e 15 14 0 
t # 145# (1, 2971, 0)
v 0 100
v 1 0
v 2 0
v 3 2
v 4 0
v 5 2
v 6 0
v 19 3
e 0 1 0 
e 0 2 0 
e 0 3 0 
e 1 0 0 
e 1 4 0 
e 1 5 0 
e 2 0 0 
e 2 6 0 
e 2 19 0 
e 3 0 0 
e 4 1 0 
e 5 1 0 
e 6 2 0 
e 19 2 0 
t # 146# (1, 2971, 1)
v 0 0
v 1 100
v 2 0
v 3 2
v 4 0
v 5 2
v 7 0
v 20 3
e 0 1 0 
e 0 2 0 
e 0 3 0 
e 1 0 0 
e 1 4 0 
e 1 5 0 
e 2 0 0 
e 3 0 0 
e 4 1 0 
e 4 7 0 
e 4 20 0 
e 5 1 0 
e 7 4 0 
e 20 4 0 
t # 147# (0, 2985, 13)
v 6 0
v 10 0
v 12 0
v 13 100
v 16 0
v 17 2
v 18 2
v 22 3
e 6 10 0 
e 10 6 0 
e 10 13 0 
e 10 22 0 
e 12 16 0 
e 13 10 0 
e 13 16 0 
e 13 17 0 
e 16 12 0 
e 16 13 0 
e 16 18 0 
e 17 13 0 
e 18 16 0 
e 22 10 0 
t # 148# (0, 2985, 16)
v 8 0
v 10 0
v 12 0
v 13 0
v 16 100
v 17 2
v 18 2
v 23 3
e 8 12 0 
e 10 13 0 
e 12 8 0 
e 12 16 0 
e 12 23 0 
e 13 10 0 
e 13 16 0 
e 13 17 0 
e 16 12 0 
e 16 13 0 
e 16 18 0 
e 17 13 0 
e 18 16 0 
e 23 12 0 
t # 149# (1, 3064, 12)
v 5 0
v 9 4
v 10 0
v 12 100
v 13 0
v 14 2
v 15 2
e 5 9 0 
e 9 5 0 
e 9 12 0 
e 10 13 0 
e 12 9 0 
e 12 13 0 
e 12 14 0 
e 13 10 0 
e 13 12 0 
e 13 15 0 
e 14 12 0 
e 15 13 0 
t # 150# (1, 3064, 13)
v 8 0
v 9 4
v 10 0
v 12 0
v 13 100
v 14 2
v 15 2
v 22 3
e 8 10 0 
e 9 12 0 
e 10 8 0 
e 10 13 0 
e 10 22 0 
e 12 9 0 
e 12 13 0 
e 12 14 0 
e 13 10 0 
e 13 12 0 
e 13 15 0 
e 14 12 0 
e 15 13 0 
e 22 10 0 
t # 151# (1, 3064, 14)
v 9 4
v 12 0
v 13 0
v 14 102
e 9 12 0 
e 12 9 0 
e 12 13 0 
e 12 14 0 
e 13 12 0 
e 14 12 0 
t # 152# (1, 3080, 8)
v 1 1
v 5 0
v 8 100
v 9 0
v 10 0
v 11 2
v 12 4
v 13 1
e 1 5 0 
e 5 1 0 
e 5 8 0 
e 5 9 0 
e 8 5 0 
e 8 10 0 
e 8 11 0 
e 9 5 0 
e 10 8 0 
e 10 12 0 
e 10 13 0 
e 11 8 0 
e 12 10 0 
e 13 10 0 
t # 153# (0, 3090, 13)
v 2 0
v 3 0
v 7 0
v 8 0
v 13 100
v 14 0
v 15 4
v 17 5
e 2 7 0 
e 3 8 0 
e 7 2 0 
e 7 13 0 
e 7 14 0 
e 8 3 0 
e 8 13 0 
e 8 15 0 
e 13 7 0 
e 13 8 0 
e 13 17 0 
e 14 7 0 
e 15 8 0 
e 17 13 0 
t # 154# (0, 3154, 2)
v 0 6
v 1 0
v 2 100
v 3 0
v 4 0
v 5 0
v 8 1
v 9 0
v 10 0
v 11 7
v 12 0
e 0 1 0 
e 1 0 0 
e 1 2 0 
e 1 3 0 
e 2 1 0 
e 2 4 0 
e 2 5 0 
e 3 1 0 
e 4 2 0 
e 4 8 0 
e 4 9 0 
e 4 10 0 
e 5 2 0 
e 5 11 0 
e 5 12 0 
e 8 4 0 
e 8 11 0 
e 9 4 0 
e 10 4 0 
e 11 5 0 
e 11 8 0 
e 12 5 0 
t # 155# (0, 3154, 21)
v 33 3
v 9 0
v 14 0
v 21 100
v 22 0
v 25 6
v 26 0
v 31 1
e 33 14 0 
e 9 14 0 
e 14 33 0 
e 14 9 0 
e 14 21 0 
e 21 14 0 
e 21 25 0 
e 21 26 0 
e 22 26 0 
e 25 21 0 
e 26 21 0 
e 26 22 0 
e 26 31 0 
e 31 26 0 
t # 156# (0, 3154, 22)
v 34 3
v 9 0
v 15 0
v 21 0
v 22 100
v 26 0
v 27 6
v 31 1
e 34 15 0 
e 9 15 0 
e 15 34 0 
e 15 9 0 
e 15 22 0 
e 21 26 0 
e 22 15 0 
e 22 26 0 
e 22 27 0 
e 26 21 0 
e 26 22 0 
e 26 31 0 
e 27 22 0 
e 31 26 0 
t # 157# (0, 3154, 23)
v 32 1
v 35 3
v 10 0
v 16 0
v 23 100
v 24 0
v 28 6
v 29 0
e 32 29 0 
e 35 16 0 
e 10 16 0 
e 16 35 0 
e 16 10 0 
e 16 23 0 
e 23 16 0 
e 23 28 0 
e 23 29 0 
e 24 29 0 
e 28 23 0 
e 29 32 0 
e 29 23 0 
e 29 24 0 
t # 158# (0, 3154, 24)
v 32 1
v 36 3
v 10 0
v 17 0
v 23 0
v 24 100
v 29 0
v 30 6
e 32 29 0 
e 36 17 0 
e 10 17 0 
e 17 36 0 
e 17 10 0 
e 17 24 0 
e 23 29 0 
e 24 17 0 
e 24 29 0 
e 24 30 0 
e 29 32 0 
e 29 23 0 
e 29 24 0 
e 30 24 0 
t # 159# (1, 3177, 2)
v 0 0
v 1 0
v 2 100
v 3 0
v 6 0
v 7 6
v 14 0
v 18 3
e 0 1 0 
e 0 2 0 
e 0 3 0 
e 1 0 0 
e 2 0 0 
e 2 6 0 
e 2 7 0 
e 3 0 0 
e 6 2 0 
e 6 14 0 
e 6 18 0 
e 7 2 0 
e 14 6 0 
e 18 6 0 
t # 160# (1, 3177, 3)
v 0 0
v 1 0
v 2 0
v 3 100
v 8 0
v 9 6
v 14 0
v 19 3
e 0 1 0 
e 0 2 0 
e 0 3 0 
e 1 0 0 
e 2 0 0 
e 3 0 0 
e 3 8 0 
e 3 9 0 
e 8 3 0 
e 8 14 0 
e 8 19 0 
e 9 3 0 
e 14 8 0 
e 19 8 0 
t # 161# (1, 3177, 4)
v 0 0
v 1 0
v 4 100
v 5 0
v 10 0
v 11 6
v 15 0
v 20 3
e 0 1 0 
e 1 0 0 
e 1 4 0 
e 1 5 0 
e 4 1 0 
e 4 10 0 
e 4 11 0 
e 5 1 0 
e 10 4 0 
e 10 15 0 
e 10 20 0 
e 11 4 0 
e 15 10 0 
e 20 10 0 
t # 162# (1, 3177, 5)
v 0 0
v 1 0
v 4 0
v 5 100
v 12 0
v 13 6
v 15 0
v 21 3
e 0 1 0 
e 1 0 0 
e 1 4 0 
e 1 5 0 
e 4 1 0 
e 5 1 0 
e 5 12 0 
e 5 13 0 
e 12 5 0 
e 12 15 0 
e 12 21 0 
e 13 5 0 
e 15 12 0 
e 21 12 0 
t # 163# (0, 3240, 4)
v 0 0
v 1 0
v 4 100
v 5 0
v 8 0
v 9 2
v 10 2
v 11 3
e 0 1 0 
e 1 0 0 
e 1 4 0 
e 1 11 0 
e 4 1 0 
e 4 8 0 
e 4 9 0 
e 5 8 0 
e 8 4 0 
e 8 5 0 
e 8 10 0 
e 9 4 0 
e 10 8 0 
e 11 1 0 
t # 164# (0, 3240, 8)
v 1 0
v 2 0
v 4 0
v 5 0
v 8 100
v 9 2
v 10 2
v 13 3
e 1 4 0 
e 2 5 0 
e 4 1 0 
e 4 8 0 
e 4 9 0 
e 5 2 0 
e 5 8 0 
e 5 13 0 
e 8 4 0 
e 8 5 0 
e 8 10 0 
e 9 4 0 
e 10 8 0 
e 13 5 0 
t # 165# (1, 3243, 8)
v 1 0
v 2 0
v 4 0
v 6 0
v 8 100
v 9 5
v 10 5
v 11 2
e 1 4 0 
e 2 6 0 
e 4 1 0 
e 4 8 0 
e 4 9 0 
e 6 2 0 
e 6 8 0 
e 6 10 0 
e 8 4 0 
e 8 6 0 
e 8 11 0 
e 9 4 0 
e 10 6 0 
e 11 8 0 
t # 166# (0, 3244, 1)
v 0 0
v 1 100
v 2 0
v 3 0
v 4 0
v 5 0
v 10 0
v 11 1
v 12 0
v 13 6
e 0 1 0 
e 0 2 0 
e 0 3 0 
e 1 0 0 
e 1 4 0 
e 1 5 0 
e 2 0 0 
e 3 0 0 
e 4 1 0 
e 4 10 0 
e 4 11 0 
e 5 1 0 
e 5 12 0 
e 5 13 0 
e 10 4 0 
e 11 4 0 
e 12 5 0 
e 13 5 0 
t # 167# (0, 3244, 5)
v 0 0
v 1 0
v 4 0
v 5 100
v 8 0
v 12 0
v 13 6
v 21 3
e 0 1 0 
e 1 0 0 
e 1 4 0 
e 1 5 0 
e 4 1 0 
e 5 1 0 
e 5 12 0 
e 5 13 0 
e 8 12 0 
e 12 5 0 
e 12 8 0 
e 12 21 0 
e 13 5 0 
e 21 12 0 
t # 168# (0, 3244, 8)
v 0 0
v 3 0
v 5 0
v 8 100
v 9 4
v 12 0
v 15 6
v 21 3
e 0 3 0 
e 3 0 0 
e 3 8 0 
e 3 9 0 
e 5 12 0 
e 8 3 0 
e 8 12 0 
e 8 15 0 
e 9 3 0 
e 12 5 0 
e 12 8 0 
e 12 21 0 
e 15 8 0 
e 21 12 0 
t # 169# (1, 3357, 4)
v 0 0
v 1 0
v 4 100
v 6 0
v 7 0
v 8 2
v 11 2
v 16 3
e 0 1 0 
e 1 0 0 
e 1 4 0 
e 1 16 0 
e 4 1 0 
e 4 7 0 
e 4 8 0 
e 6 7 0 
e 7 4 0 
e 7 6 0 
e 7 11 0 
e 8 4 0 
e 11 7 0 
e 16 1 0 
t # 170# (1, 3357, 7)
v 1 0
v 3 0
v 4 0
v 6 0
v 7 100
v 8 2
v 11 2
v 19 3
e 1 4 0 
e 3 6 0 
e 4 1 0 
e 4 7 0 
e 4 8 0 
e 6 3 0 
e 6 7 0 
e 6 19 0 
e 7 4 0 
e 7 6 0 
e 7 11 0 
e 8 4 0 
e 11 7 0 
e 19 6 0 
t # 171# (0, 3427, 12)
v 5 4
v 9 0
v 12 100
v 13 0
v 14 0
v 15 6
v 17 0
v 22 3
e 5 9 0 
e 9 5 0 
e 9 12 0 
e 9 13 0 
e 12 9 0 
e 12 14 0 
e 12 15 0 
e 13 9 0 
e 14 12 0 
e 14 17 0 
e 14 22 0 
e 15 12 0 
e 17 14 0 
e 22 14 0 
t # 172# (1, 3447, 2)
v 0 0
v 1 0
v 2 100
v 3 0
v 5 0
v 6 6
v 10 0
v 17 3
e 0 1 0 
e 0 2 0 
e 0 3 0 
e 1 0 0 
e 2 0 0 
e 2 5 0 
e 2 6 0 
e 3 0 0 
e 5 2 0 
e 5 10 0 
e 5 17 0 
e 6 2 0 
e 10 5 0 
e 17 5 0 
t # 173# (1, 3452, 1)
v 0 0
v 1 100
v 2 0
v 3 4
v 4 0
v 5 2
v 9 0
v 10 4
e 0 1 0 
e 0 2 0 
e 0 3 0 
e 1 0 0 
e 1 4 0 
e 1 5 0 
e 2 0 0 
e 3 0 0 
e 4 1 0 
e 4 9 0 
e 4 10 0 
e 5 1 0 
e 9 4 0 
e 10 4 0 
t # 174# (1, 3460, 21)
v 10 0
v 44 3
v 15 0
v 21 100
v 22 0
v 25 0
v 26 2
v 29 2
e 10 15 0 
e 44 15 0 
e 15 10 0 
e 15 44 0 
e 15 21 0 
e 21 15 0 
e 21 25 0 
e 21 26 0 
e 22 25 0 
e 25 21 0 
e 25 22 0 
e 25 29 0 
e 26 21 0 
e 29 25 0 
t # 175# (1, 3460, 25)
v 15 0
v 16 0
v 51 3
v 21 0
v 22 0
v 25 100
v 26 2
v 29 2
e 15 21 0 
e 16 22 0 
e 51 22 0 
e 21 15 0 
e 21 25 0 
e 21 26 0 
e 22 16 0 
e 22 51 0 
e 22 25 0 
e 25 21 0 
e 25 22 0 
e 25 29 0 
e 26 21 0 
e 29 25 0 
t # 176# (1, 3467, 4)
v 0 0
v 1 0
v 4 100
v 5 2
v 6 0
v 8 0
v 9 2
v 11 3
e 0 1 0 
e 1 0 0 
e 1 4 0 
e 1 5 0 
e 4 1 0 
e 4 8 0 
e 4 9 0 
e 5 1 0 
e 6 8 0 
e 8 4 0 
e 8 6 0 
e 8 11 0 
e 9 4 0 
e 11 8 0 
t # 177# (1, 3467, 6)
v 0 0
v 2 0
v 4 0
v 6 100
v 7 2
v 8 0
v 10 2
v 11 3
e 0 2 0 
e 2 0 0 
e 2 6 0 
e 2 7 0 
e 4 8 0 
e 6 2 0 
e 6 8 0 
e 6 10 0 
e 7 2 0 
e 8 4 0 
e 8 6 0 
e 8 11 0 
e 10 6 0 
e 11 8 0 
t # 178# (1, 3470, 2)
v 0 0
v 1 0
v 2 104
v 3 0
v 4 0
v 5 4
v 7 0
v 8 2
v 10 1
e 0 1 0 
e 0 2 0 
e 0 3 0 
e 0 4 0 
e 1 0 0 
e 1 5 0 
e 2 0 0 
e 2 7 0 
e 2 8 0 
e 3 0 0 
e 4 0 0 
e 5 1 0 
e 5 7 0 
e 7 2 0 
e 7 5 0 
e 7 10 0 
e 8 2 0 
e 10 7 0 
t # 179# (1, 3474, 0)
v 0 100
v 1 0
v 2 0
v 3 0
v 4 0
v 5 2
v 6 0
v 7 2
v 8 4
e 0 1 0 
e 0 2 0 
e 0 3 0 
e 1 0 0 
e 1 4 0 
e 1 5 0 
e 2 0 0 
e 2 6 0 
e 2 7 0 
e 3 0 0 
e 3 8 0 
e 4 1 0 
e 5 1 0 
e 6 2 0 
e 7 2 0 
e 8 3 0 
t # 180# (0, 3540, 7)
v 0 0
v 2 0
v 6 4
v 7 102
e 0 2 0 
e 2 0 0 
e 2 6 0 
e 2 7 0 
e 6 2 0 
e 7 2 0 
t # 181# (0, 3555, 6)
v 0 0
v 2 0
v 6 100
v 7 1
v 8 0
v 12 0
v 13 6
v 25 3
e 0 2 0 
e 2 0 0 
e 2 6 0 
e 2 7 0 
e 6 2 0 
e 6 12 0 
e 6 13 0 
e 7 2 0 
e 8 12 0 
e 12 6 0 
e 12 8 0 
e 12 25 0 
e 13 6 0 
e 25 12 0 
t # 182# (0, 3555, 9)
v 1 0
v 4 0
v 9 100
v 10 1
v 11 0
v 16 0
v 17 6
v 26 3
e 1 4 0 
e 4 1 0 
e 4 9 0 
e 4 10 0 
e 9 4 0 
e 9 16 0 
e 9 17 0 
e 10 4 0 
e 11 16 0 
e 16 9 0 
e 16 11 0 
e 16 26 0 
e 17 9 0 
e 26 16 0 
t # 183# (1, 3569, 9)
v 1 0
v 2 0
v 4 0
v 6 0
v 9 100
v 10 2
v 11 2
v 13 3
e 1 4 0 
e 2 6 0 
e 4 1 0 
e 4 9 0 
e 4 10 0 
e 6 2 0 
e 6 9 0 
e 6 13 0 
e 9 4 0 
e 9 6 0 
e 9 11 0 
e 10 4 0 
e 11 9 0 
e 13 6 0 
t # 184# (1, 3576, 2)
v 0 0
v 1 0
v 2 100
v 3 2
v 6 0
v 7 2
v 8 0
v 12 3
e 0 1 0 
e 0 2 0 
e 0 3 0 
e 1 0 0 
e 2 0 0 
e 2 6 0 
e 2 7 0 
e 3 0 0 
e 6 2 0 
e 6 8 0 
e 6 12 0 
e 7 2 0 
e 8 6 0 
e 12 6 0 
t # 185# (0, 3577, 10)
v 1 4
v 10 102
v 4 0
v 9 0
e 1 4 0 
e 10 4 0 
e 4 1 0 
e 4 10 0 
e 4 9 0 
e 9 4 0 
t # 186# (0, 3588, 5)
v 0 0
v 2 0
v 4 0
v 5 100
v 6 4
v 9 0
v 11 6
v 17 3
e 0 2 0 
e 2 0 0 
e 2 5 0 
e 2 6 0 
e 4 9 0 
e 5 2 0 
e 5 9 0 
e 5 11 0 
e 6 2 0 
e 9 4 0 
e 9 5 0 
e 9 17 0 
e 11 5 0 
e 17 9 0 
t # 187# (0, 3619, 1)
v 0 0
v 1 100
v 2 0
v 3 4
v 4 0
v 5 6
v 9 0
v 11 3
e 0 1 0 
e 0 2 0 
e 0 3 0 
e 1 0 0 
e 1 4 0 
e 1 5 0 
e 2 0 0 
e 3 0 0 
e 4 1 0 
e 4 9 0 
e 4 11 0 
e 5 1 0 
e 9 4 0 
e 11 4 0 
t # 188# (1, 3655, 0)
v 0 100
v 1 0
v 2 0
v 3 2
v 4 0
v 5 2
v 6 0
v 8 3
e 0 1 0 
e 0 2 0 
e 0 3 0 
e 1 0 0 
e 1 4 0 
e 1 5 0 
e 2 0 0 
e 2 6 0 
e 2 8 0 
e 3 0 0 
e 4 1 0 
e 5 1 0 
e 6 2 0 
e 8 2 0 
t # 189# (1, 3655, 1)
v 0 0
v 1 100
v 2 0
v 3 2
v 4 0
v 5 2
v 7 0
v 9 3
e 0 1 0 
e 0 2 0 
e 0 3 0 
e 1 0 0 
e 1 4 0 
e 1 5 0 
e 2 0 0 
e 3 0 0 
e 4 1 0 
e 4 7 0 
e 4 9 0 
e 5 1 0 
e 7 4 0 
e 9 4 0 
t # 190# (0, 3658, 3)
v 0 0
v 1 0
v 2 4
v 3 100
v 8 0
v 9 5
v 12 0
v 14 4
e 0 1 0 
e 0 2 0 
e 0 3 0 
e 1 0 0 
e 2 0 0 
e 3 0 0 
e 3 8 0 
e 3 9 0 
e 8 3 0 
e 8 12 0 
e 8 14 0 
e 9 3 0 
e 12 8 0 
e 14 8 0 
t # 191# (0, 3658, 8)
v 0 0
v 3 0
v 5 0
v 8 100
v 9 5
v 12 0
v 14 4
v 16 5
v 18 0
v 19 0
e 0 3 0 
e 3 0 0 
e 3 8 0 
e 3 9 0 
e 5 12 0 
e 8 3 0 
e 8 12 0 
e 8 14 0 
e 9 3 0 
e 12 5 0 
e 12 8 0 
e 12 16 0 
e 14 8 0 
e 14 18 0 
e 14 19 0 
e 16 12 0 
e 18 14 0 
e 19 14 0 
t # 192# (1, 3753, 1)
v 0 0
v 1 100
v 2 0
v 3 1
v 4 0
v 5 6
v 8 0
v 11 3
e 0 1 0 
e 0 2 0 
e 0 3 0 
e 1 0 0 
e 1 4 0 
e 1 5 0 
e 2 0 0 
e 3 0 0 
e 4 1 0 
e 4 8 0 
e 4 11 0 
e 5 1 0 
e 8 4 0 
e 11 4 0 
t # 193# (1, 3753, 2)
v 0 0
v 1 0
v 2 100
v 3 1
v 6 0
v 7 6
v 8 0
v 12 3
e 0 1 0 
e 0 2 0 
e 0 3 0 
e 1 0 0 
e 2 0 0 
e 2 6 0 
e 2 7 0 
e 3 0 0 
e 6 2 0 
e 6 8 0 
e 6 12 0 
e 7 2 0 
e 8 6 0 
e 12 6 0 
t # 194# (1, 3821, 10)
v 2 0
v 5 0
v 9 0
v 10 100
v 12 0
v 13 2
v 16 2
v 24 3
e 2 5 0 
e 5 2 0 
e 5 10 0 
e 5 24 0 
e 9 12 0 
e 10 5 0 
e 10 12 0 
e 10 13 0 
e 12 9 0 
e 12 10 0 
e 12 16 0 
e 13 10 0 
e 16 12 0 
e 24 5 0 
t # 195# (1, 3821, 12)
v 4 0
v 5 0
v 9 0
v 10 0
v 12 100
v 13 2
v 16 2
v 26 3
e 4 9 0 
e 5 10 0 
e 9 4 0 
e 9 12 0 
e 9 26 0 
e 10 5 0 
e 10 12 0 
e 10 13 0 
e 12 9 0 
e 12 10 0 
e 12 16 0 
e 13 10 0 
e 16 12 0 
e 26 9 0 
t # 196# (1, 3835, 1)
v 0 0
v 1 100
v 2 0
v 3 2
v 4 0
v 5 2
v 8 0
v 9 3
e 0 1 0 
e 0 2 0 
e 0 3 0 
e 1 0 0 
e 1 4 0 
e 1 5 0 
e 2 0 0 
e 3 0 0 
e 4 1 0 
e 4 8 0 
e 4 9 0 
e 5 1 0 
e 8 4 0 
e 9 4 0 
t # 197# (1, 3835, 2)
v 0 0
v 1 0
v 2 100
v 3 2
v 6 0
v 7 2
v 8 0
v 10 3
e 0 1 0 
e 0 2 0 
e 0 3 0 
e 1 0 0 
e 2 0 0 
e 2 6 0 
e 2 7 0 
e 3 0 0 
e 6 2 0 
e 6 8 0 
e 6 10 0 
e 7 2 0 
e 8 6 0 
e 10 6 0 
t # 198# (0, 3866, 3)
v 0 0
v 1 0
v 2 0
v 3 100
v 5 0
v 6 0
v 8 0
v 9 0
v 10 2
v 12 0
v 15 2
v 16 2
v 17 2
v 19 3
e 0 1 0 
e 0 2 0 
e 0 3 0 
e 0 19 0 
e 1 0 0 
e 1 5 0 
e 2 0 0 
e 2 6 0 
e 3 0 0 
e 3 8 0 
e 3 9 0 
e 3 10 0 
e 5 1 0 
e 5 9 0 
e 5 12 0 
e 6 2 0 
e 6 8 0 
e 8 3 0 
e 8 6 0 
e 8 12 0 
e 8 15 0 
e 9 3 0 
e 9 5 0 
e 9 16 0 
e 9 17 0 
e 10 3 0 
e 12 5 0 
e 12 8 0 
e 15 8 0 
e 16 9 0 
e 17 9 0 
e 19 0 0 
t # 199# (1, 3896, 13)
v 33 3
v 2 0
v 6 0
v 13 100
v 14 0
v 18 0
v 19 2
v 20 2
e 33 6 0 
e 2 6 0 
e 6 33 0 
e 6 2 0 
e 6 13 0 
e 13 6 0 
e 13 18 0 
e 13 19 0 
e 14 18 0 
e 18 13 0 
e 18 14 0 
e 18 20 0 
e 19 13 0 
e 20 18 0 
t # 200# (1, 3896, 18)
v 6 0
v 7 0
v 41 3
v 13 0
v 14 0
v 18 100
v 19 2
v 20 2
e 6 13 0 
e 7 14 0 
e 41 14 0 
e 13 6 0 
e 13 18 0 
e 13 19 0 
e 14 7 0 
e 14 41 0 
e 14 18 0 
e 18 13 0 
e 18 14 0 
e 18 20 0 
e 19 13 0 
e 20 18 0 
t # 201# (1, 3905, 2)
v 0 2
v 1 0
v 2 100
v 3 0
v 4 2
v 5 0
v 8 4
v 9 0
e 0 1 0 
e 1 0 0 
e 1 2 0 
e 1 3 0 
e 2 1 0 
e 2 4 0 
e 2 5 0 
e 3 1 0 
e 4 2 0 
e 5 2 0 
e 5 8 0 
e 5 9 0 
e 8 5 0 
e 9 5 0 
t # 202# (1, 3905, 3)
v 0 2
v 1 0
v 2 0
v 3 100
v 6 2
v 7 0
v 9 0
v 10 3
e 0 1 0 
e 1 0 0 
e 1 2 0 
e 1 3 0 
e 2 1 0 
e 3 1 0 
e 3 6 0 
e 3 7 0 
e 6 3 0 
e 7 3 0 
e 7 9 0 
e 7 10 0 
e 9 7 0 
e 10 7 0 
t # 203# (0, 3909, 8)
v 8 102
v 1 0
v 4 0
v 7 4
e 8 4 0 
e 1 4 0 
e 4 8 0 
e 4 1 0 
e 4 7 0 
e 7 4 0 
t # 204# (1, 3948, 0)
v 0 100
v 1 1
v 2 0
v 3 0
v 4 0
v 5 0
v 6 2
v 7 0
v 8 2
e 0 1 0 
e 0 2 0 
e 0 3 0 
e 1 0 0 
e 1 4 0 
e 2 0 0 
e 2 5 0 
e 2 6 0 
e 3 0 0 
e 3 7 0 
e 3 8 0 
e 4 1 0 
e 5 2 0 
e 6 2 0 
e 7 3 0 
e 8 3 0 
t # 205# (1, 3948, 25)
v 32 5
v 19 4
v 24 0
v 25 100
v 26 1
v 27 0
v 28 0
v 29 0
v 30 5
v 31 0
e 32 28 0 
e 19 24 0 
e 24 19 0 
e 24 25 0 
e 24 26 0 
e 25 24 0 
e 25 27 0 
e 25 28 0 
e 26 24 0 
e 27 25 0 
e 27 29 0 
e 27 30 0 
e 28 32 0 
e 28 25 0 
e 28 31 0 
e 29 27 0 
e 30 27 0 
e 31 28 0 
t # 206# (1, 3956, 5)
v 0 0
v 2 0
v 5 100
v 6 0
v 9 0
v 10 2
v 13 2
v 19 3
e 0 2 0 
e 2 0 0 
e 2 5 0 
e 2 19 0 
e 5 2 0 
e 5 9 0 
e 5 10 0 
e 6 9 0 
e 9 5 0 
e 9 6 0 
e 9 13 0 
e 10 5 0 
e 13 9 0 
e 19 2 0 
t # 207# (1, 3956, 9)
v 2 0
v 3 0
v 5 0
v 6 0
v 9 100
v 10 2
v 13 2
v 21 3
e 2 5 0 
e 3 6 0 
e 5 2 0 
e 5 9 0 
e 5 10 0 
e 6 3 0 
e 6 9 0 
e 6 21 0 
e 9 5 0 
e 9 6 0 
e 9 13 0 
e 10 5 0 
e 13 9 0 
e 21 6 0 
t # 208# (1, 3956, 14)
v 7 0
v 11 0
v 14 100
v 15 0
v 16 0
v 17 2
v 18 2
v 22 3
e 7 11 0 
e 11 7 0 
e 11 14 0 
e 11 22 0 
e 14 11 0 
e 14 16 0 
e 14 17 0 
e 15 16 0 
e 16 14 0 
e 16 15 0 
e 16 18 0 
e 17 14 0 
e 18 16 0 
e 22 11 0 
t # 209# (1, 3956, 16)
v 11 0
v 12 0
v 14 0
v 15 0
v 16 100
v 17 2
v 18 2
v 24 3
e 11 14 0 
e 12 15 0 
e 14 11 0 
e 14 16 0 
e 14 17 0 
e 15 12 0 
e 15 16 0 
e 15 24 0 
e 16 14 0 
e 16 15 0 
e 16 18 0 
e 17 14 0 
e 18 16 0 
e 24 15 0 
t # 210# (1, 3965, 31)
v 32 0
v 33 6
v 34 1
v 27 0
v 21 0
v 59 3
v 30 0
v 31 100
e 32 30 0 
e 32 31 0 
e 32 34 0 
e 33 31 0 
e 34 32 0 
e 27 21 0 
e 27 31 0 
e 27 59 0 
e 21 27 0 
e 59 27 0 
e 30 32 0 
e 31 32 0 
e 31 33 0 
e 31 27 0 
t # 211# (1, 3992, 9)
v 1 0
v 5 0
v 9 100
v 10 0
v 13 0
v 14 6
v 19 1
v 27 3
e 1 5 0 
e 5 1 0 
e 5 9 0 
e 5 27 0 
e 9 5 0 
e 9 13 0 
e 9 14 0 
e 10 13 0 
e 13 9 0 
e 13 10 0 
e 13 19 0 
e 14 9 0 
e 19 13 0 
e 27 5 0 
t # 212# (1, 3992, 10)
v 1 0
v 6 0
v 9 0
v 10 100
v 13 0
v 15 6
v 19 1
v 28 3
e 1 6 0 
e 6 1 0 
e 6 10 0 
e 6 28 0 
e 9 13 0 
e 10 6 0 
e 10 13 0 
e 10 15 0 
e 13 9 0 
e 13 10 0 
e 13 19 0 
e 15 10 0 
e 19 13 0 
e 28 6 0 
t # 213# (1, 3992, 11)
v 2 0
v 7 0
v 11 100
v 12 0
v 16 0
v 17 6
v 20 1
v 29 3
e 2 7 0 
e 7 2 0 
e 7 11 0 
e 7 29 0 
e 11 7 0 
e 11 16 0 
e 11 17 0 
e 12 16 0 
e 16 11 0 
e 16 12 0 
e 16 20 0 
e 17 11 0 
e 20 16 0 
e 29 7 0 
t # 214# (1, 3992, 12)
v 2 0
v 8 0
v 11 0
v 12 100
v 16 0
v 18 6
v 20 1
v 30 3
e 2 8 0 
e 8 2 0 
e 8 12 0 
e 8 30 0 
e 11 16 0 
e 12 8 0 
e 12 16 0 
e 12 18 0 
e 16 11 0 
e 16 12 0 
e 16 20 0 
e 18 12 0 
e 20 16 0 
e 30 8 0 
t # 215# (1, 4016, 6)
v 0 0
v 2 0
v 4 0
v 6 100
v 8 0
v 9 2
v 11 2
v 13 3
e 0 2 0 
e 2 0 0 
e 2 6 0 
e 2 13 0 
e 4 8 0 
e 6 2 0 
e 6 8 0 
e 6 9 0 
e 8 4 0 
e 8 6 0 
e 8 11 0 
e 9 6 0 
e 11 8 0 
e 13 2 0 
t # 216# (1, 4016, 8)
v 1 0
v 2 0
v 4 0
v 6 0
v 8 100
v 9 2
v 11 2
v 14 3
e 1 4 0 
e 2 6 0 
e 4 1 0 
e 4 8 0 
e 4 14 0 
e 6 2 0 
e 6 8 0 
e 6 9 0 
e 8 4 0 
e 8 6 0 
e 8 11 0 
e 9 6 0 
e 11 8 0 
e 14 4 0 
t # 217# (0, 4031, 8)
v 8 102
v 0 0
v 3 0
v 7 4
e 8 3 0 
e 0 3 0 
e 3 8 0 
e 3 0 0 
e 3 7 0 
e 7 3 0 
t # 218# (1, 4128, 4)
v 0 0
v 1 0
v 4 100
v 5 2
v 6 0
v 8 0
v 9 2
v 12 3
e 0 1 0 
e 1 0 0 
e 1 4 0 
e 1 5 0 
e 4 1 0 
e 4 8 0 
e 4 9 0 
e 5 1 0 
e 6 8 0 
e 8 4 0 
e 8 6 0 
e 8 12 0 
e 9 4 0 
e 12 8 0 
t # 219# (1, 4137, 0)
v 0 100
v 1 0
v 2 0
v 3 0
v 4 2
v 5 0
v 6 0
v 7 0
v 8 2
v 9 2
v 10 0
v 11 2
v 18 3
e 0 1 0 
e 0 2 0 
e 0 3 0 
e 0 4 0 
e 1 0 0 
e 1 5 0 
e 1 6 0 
e 1 18 0 
e 2 0 0 
e 2 7 0 
e 2 8 0 
e 2 9 0 
e 3 0 0 
e 3 10 0 
e 3 11 0 
e 4 0 0 
e 5 1 0 
e 5 7 0 
e 6 1 0 
e 7 2 0 
e 7 5 0 
e 7 10 0 
e 8 2 0 
e 9 2 0 
e 10 3 0 
e 10 7 0 
e 11 3 0 
e 18 1 0 
t # 220# (1, 4137, 7)
v 0 0
v 1 0
v 2 0
v 3 0
v 5 0
v 7 100
v 8 2
v 9 2
v 10 0
v 12 0
v 15 2
v 16 2
v 19 3
e 0 1 0 
e 0 2 0 
e 0 3 0 
e 1 0 0 
e 1 5 0 
e 2 0 0 
e 2 7 0 
e 2 8 0 
e 2 9 0 
e 3 0 0 
e 3 10 0 
e 5 1 0 
e 5 7 0 
e 5 12 0 
e 5 19 0 
e 7 2 0 
e 7 5 0 
e 7 10 0 
e 7 15 0 
e 8 2 0 
e 9 2 0 
e 10 3 0 
e 10 7 0 
e 10 16 0 
e 12 5 0 
e 15 7 0 
e 16 10 0 
e 19 5 0 
t # 221# (1, 4140, 1)
v 0 0
v 1 100
v 2 0
v 3 0
v 4 0
v 5 6
v 8 0
v 17 3
e 0 1 0 
e 0 2 0 
e 0 3 0 
e 1 0 0 
e 1 4 0 
e 1 5 0 
e 2 0 0 
e 3 0 0 
e 4 1 0 
e 4 8 0 
e 4 17 0 
e 5 1 0 
e 8 4 0 
e 17 4 0 
t # 222# (1, 4234, 0)
v 0 100
v 1 0
v 2 0
v 3 1
v 4 0
v 5 2
v 6 0
v 7 2
v 8 0
e 0 1 0 
e 0 2 0 
e 0 3 0 
e 1 0 0 
e 1 4 0 
e 1 5 0 
e 2 0 0 
e 2 6 0 
e 2 7 0 
e 3 0 0 
e 3 8 0 
e 4 1 0 
e 5 1 0 
e 6 2 0 
e 7 2 0 
e 8 3 0 
t # 223# (0, 4253, 0)
v 0 100
v 1 0
v 2 0
v 3 0
v 4 2
v 5 0
v 6 0
v 7 0
v 8 2
v 9 2
v 10 0
v 11 2
v 19 3
e 0 1 0 
e 0 2 0 
e 0 3 0 
e 0 4 0 
e 1 0 0 
e 1 5 0 
e 1 6 0 
e 1 19 0 
e 2 0 0 
e 2 7 0 
e 2 8 0 
e 2 9 0 
e 3 0 0 
e 3 10 0 
e 3 11 0 
e 4 0 0 
e 5 1 0 
e 5 7 0 
e 6 1 0 
e 7 2 0 
e 7 5 0 
e 7 10 0 
e 8 2 0 
e 9 2 0 
e 10 3 0 
e 10 7 0 
e 11 3 0 
e 19 1 0 
t # 224# (0, 4253, 7)
v 0 0
v 1 0
v 2 0
v 3 0
v 5 0
v 7 100
v 8 2
v 9 2
v 10 0
v 12 0
v 14 2
v 15 2
v 20 3
e 0 1 0 
e 0 2 0 
e 0 3 0 
e 1 0 0 
e 1 5 0 
e 2 0 0 
e 2 7 0 
e 2 8 0 
e 2 9 0 
e 3 0 0 
e 3 10 0 
e 5 1 0 
e 5 7 0 
e 5 12 0 
e 5 20 0 
e 7 2 0 
e 7 5 0 
e 7 10 0 
e 7 14 0 
e 8 2 0 
e 9 2 0 
e 10 3 0 
e 10 7 0 
e 10 15 0 
e 12 5 0 
e 14 7 0 
e 15 10 0 
e 20 5 0 
t # -1