# 23,# 23 3 target:0 c+:427 c-:1598 score:576.0941116602478 score+:2495.3715135860602 score-:5145.4044272231995 nb:6 =l_1c_9 l_1c_12 l_1c_7 l_1c_17 l_1c_6 l_1c_3
t # 0# (0, 1, 0)
v 0 100
v 1 4
v 2 0
v 3 0
v 4 0
v 5 0
v 6 0
v 12 3
v 13 3
v 14 3
e 0 1 0
e 0 2 0
e 0 3 0
e 1 0 0
e 1 4 0
e 1 12 0
e 2 0 0
e 2 5 0
e 2 13 0
e 3 0 0
e 3 6 0
e 3 14 0
e 4 1 0
e 5 2 0
e 6 3 0
e 12 1 0
e 13 2 0
e 14 3 0
t # 1# (1, 2, 0)
v 0 100
v 1 0
v 2 0
v 3 0
v 4 0
v 5 0
v 6 0
v 7 0
v 10 3
v 11 3
e 0 1 0
e 0 2 0
e 0 3 0
e 1 0 0
e 1 4 0
e 1 5 0
e 2 0 0
e 2 6 0
e 2 10 0
e 3 0 0
e 3 7 0
e 3 11 0
e 4 1 0
e 5 1 0
e 6 2 0
e 7 3 0
e 10 2 0
e 11 3 0
t # 2# (1, 2, 1)
v 0 0
v 1 100
v 2 0
v 3 0
v 4 0
v 5 0
v 8 0
v 9 0
v 12 3
v 13 3
e 0 1 0
e 0 2 0
e 0 3 0
e 1 0 0
e 1 4 0
e 1 5 0
e 2 0 0
e 3 0 0
e 4 1 0
e 4 8 0
e 4 12 0
e 5 1 0
e 5 9 0
e 5 13 0
e 8 4 0
e 9 5 0
e 12 4 0
e 13 5 0
t # 3# (0, 5, 3)
v 0 0
v 1 0
v 2 0
v 3 100
v 8 0
v 9 0
v 11 0
v 14 0
v 24 3
v 25 3
e 0 1 0
e 0 2 0
e 0 3 0
e 1 0 0
e 2 0 0
e 3 0 0
e 3 8 0
e 3 9 0
e 8 3 0
e 8 14 0
e 8 24 0
e 9 3 0
e 9 11 0
e 9 25 0
e 11 9 0
e 14 8 0
e 24 8 0
e 25 9 0
t # 4# (0, 5, 5)
v 0 0
v 1 0
v 4 0
v 5 100
v 7 0
v 12 0
v 13 0
v 16 0
v 27 3
v 28 3
e 0 1 0
e 1 0 0
e 1 4 0
e 1 5 0
e 4 1 0
e 5 1 0
e 5 12 0
e 5 13 0
e 7 12 0
e 12 5 0
e 12 7 0
e 12 27 0
e 13 5 0
e 13 16 0
e 13 28 0
e 16 13 0
e 27 12 0
e 28 13 0
t # 5# (0, 5, 14)
v 2 0
v 3 0
v 6 0
v 8 0
v 14 100
v 15 0
v 18 0
v 22 0
v 24 3
v 31 3
e 2 6 0
e 3 8 0
e 6 2 0
e 6 14 0
e 6 15 0
e 8 3 0
e 8 14 0
e 8 24 0
e 14 6 0
e 14 8 0
e 14 18 0
e 15 6 0
e 18 14 0
e 18 22 0
e 18 31 0
e 22 18 0
e 24 8 0
e 31 18 0
t # 6# (0, 6, 1)
v 0 0
v 1 100
v 2 1
v 3 0
v 4 0
v 7 0
v 8 4
v 17 3
e 0 1 0
e 0 2 0
e 0 3 0
e 1 0 0
e 1 4 0
e 1 17 0
e 2 0 0
e 3 0 0
e 4 1 0
e 4 7 0
e 4 8 0
e 7 4 0
e 8 4 0
e 17 1 0
t # 7# (0, 6, 6)
v 0 0
v 2 1
v 3 0
v 5 0
v 6 100
v 9 4
v 18 3
v 19 3
e 0 2 0
e 0 3 0
e 2 0 0
e 2 5 0
e 3 0 0
e 3 6 0
e 3 18 0
e 5 2 0
e 5 6 0
e 5 9 0
e 6 3 0
e 6 5 0
e 6 19 0
e 9 5 0
e 18 3 0
e 19 6 0
t # 8# (0, 8, 4)
v 0 0
v 1 0
v 4 100
v 5 0
v 7 0
v 9 0
v 10 0
v 14 0
v 25 3
v 26 3
e 0 1 0
e 1 0 0
e 1 4 0
e 1 5 0
e 4 1 0
e 4 9 0
e 4 10 0
e 5 1 0
e 7 9 0
e 9 4 0
e 9 7 0
e 9 25 0
e 10 4 0
e 10 14 0
e 10 26 0
e 14 10 0
e 25 9 0
e 26 10 0
t # 9# (0, 8, 7)
v 0 0
v 2 0
v 4 0
v 6 4
v 7 100
v 9 0
v 24 3
v 25 3
e 0 2 0
e 2 0 0
e 2 6 0
e 2 7 0
e 4 9 0
e 6 2 0
e 7 2 0
e 7 9 0
e 7 24 0
e 9 4 0
e 9 7 0
e 9 25 0
e 24 7 0
e 25 9 0
t # 10# (0, 8, 15)
v 32 3
v 6 4
v 8 0
v 12 0
v 15 100
v 16 0
v 18 0
v 29 3
e 32 18 0
e 6 12 0
e 8 12 0
e 12 6 0
e 12 8 0
e 12 15 0
e 15 12 0
e 15 18 0
e 15 29 0
e 16 18 0
e 18 32 0
e 18 15 0
e 18 16 0
e 29 15 0
t # -1