# 58,# 58 8 target:1 c+:76 c-:64 score:56.397490665648704 score+:591.49218744615 score-:332.063730384166 nb:6 =l_2c_18 l_2c_12 l_2c_16 l_2c_17 l_2c_2 l_2c_4 
t # 0# (1, 10, 7)
v 0 0
v 1 0
v 2 0
v 3 1
v 7 100
v 10 0
v 12 1
v 13 1
v 16 3
v 17 3
v 18 3
e 0 1 0 
e 0 2 0 
e 0 3 0 
e 1 0 0 
e 2 0 0 
e 3 0 0 
e 3 7 0 
e 7 3 0 
e 7 10 0 
e 7 16 0 
e 7 17 0 
e 10 7 0 
e 10 12 0 
e 10 13 0 
e 12 10 0 
e 12 18 0 
e 13 10 0 
e 16 7 0 
e 17 7 0 
e 18 12 0 
t # 1# (0, 20, 10)
v 0 0
v 33 3
v 2 0
v 3 0
v 1 0
v 4 0
v 32 3
v 39 3
v 8 0
v 9 1
v 10 100
v 40 3
v 5 0
v 16 0
v 17 1
v 28 3
e 0 1 0 
e 0 2 0 
e 0 3 0 
e 0 4 0 
e 33 10 0 
e 2 0 0 
e 2 8 0 
e 3 0 0 
e 3 9 0 
e 3 10 0 
e 3 28 0 
e 1 0 0 
e 1 5 0 
e 4 0 0 
e 32 8 0 
e 39 16 0 
e 8 2 0 
e 8 32 0 
e 8 16 0 
e 9 3 0 
e 9 5 0 
e 10 33 0 
e 10 3 0 
e 10 16 0 
e 10 17 0 
e 40 17 0 
e 5 1 0 
e 5 9 0 
e 16 39 0 
e 16 8 0 
e 16 10 0 
e 17 10 0 
e 17 40 0 
e 28 3 0 
t # 2# (1, 21, 16)
v 3 0
v 4 0
v 8 0
v 9 0
v 13 1
v 14 1
v 16 100
v 26 3
v 27 3
e 3 8 0 
e 4 9 0 
e 8 3 0 
e 8 9 0 
e 8 13 0 
e 9 4 0 
e 9 8 0 
e 9 14 0 
e 13 8 0 
e 13 16 0 
e 14 9 0 
e 14 16 0 
e 16 13 0 
e 16 14 0 
e 16 26 0 
e 16 27 0 
e 26 16 0 
e 27 16 0 
t # 3# (0, 23, 7)
v 0 0
v 1 0
v 66 3
v 3 0
v 2 1
v 70 3
v 7 100
v 8 1
v 71 3
v 72 3
v 13 0
v 14 1
v 15 0
v 60 3
v 22 0
v 58 3
v 28 1
v 29 1
e 0 1 0 
e 0 2 0 
e 0 3 0 
e 0 58 0 
e 1 0 0 
e 66 7 0 
e 3 0 0 
e 3 7 0 
e 3 8 0 
e 3 60 0 
e 2 0 0 
e 70 13 0 
e 7 66 0 
e 7 3 0 
e 7 13 0 
e 7 14 0 
e 8 3 0 
e 8 15 0 
e 71 13 0 
e 72 14 0 
e 13 70 0 
e 13 7 0 
e 13 71 0 
e 13 22 0 
e 14 7 0 
e 14 72 0 
e 15 8 0 
e 60 3 0 
e 22 13 0 
e 22 28 0 
e 22 29 0 
e 58 0 0 
e 28 22 0 
e 29 22 0 
t # 4# (0, 66, 9)
v 1 7
v 5 0
v 8 0
v 9 107
v 10 0
v 11 1
v 12 0
v 13 3
v 14 3
v 21 3
v 22 3
v 23 3
v 24 3
v 25 3
v 26 3
v 27 3
e 1 5 0 
e 5 1 0 
e 5 8 0 
e 5 13 0 
e 5 14 0 
e 8 5 0 
e 8 9 0 
e 8 21 0 
e 8 22 0 
e 9 8 0 
e 9 10 0 
e 9 11 0 
e 10 9 0 
e 10 12 0 
e 10 23 0 
e 10 24 0 
e 11 9 0 
e 12 10 0 
e 12 25 0 
e 12 26 0 
e 12 27 0 
e 13 5 0 
e 14 5 0 
e 21 8 0 
e 22 8 0 
e 23 10 0 
e 24 10 0 
e 25 12 0 
e 26 12 0 
e 27 12 0 
t # 5# (0, 68, 14)
v 32 3
v 6 0
v 7 0
v 10 0
v 13 1
v 14 100
v 15 0
v 16 1
v 17 1
v 30 3
v 31 3
e 32 16 0 
e 6 10 0 
e 7 10 0 
e 10 6 0 
e 10 7 0 
e 10 13 0 
e 13 10 0 
e 13 14 0 
e 14 13 0 
e 14 15 0 
e 14 30 0 
e 14 31 0 
e 15 14 0 
e 15 16 0 
e 15 17 0 
e 16 32 0 
e 16 15 0 
e 17 15 0 
e 30 14 0 
e 31 14 0 
t # 6# (0, 211, 3)
v 0 0
v 1 4
v 2 0
v 3 100
v 4 0
v 5 0
v 6 0
v 7 0
v 8 1
v 12 0
v 13 1
v 17 3
v 18 3
v 19 3
v 21 3
v 22 3
v 26 3
e 0 1 0 
e 0 2 0 
e 0 3 0 
e 0 17 0 
e 1 0 0 
e 1 4 0 
e 1 5 0 
e 2 0 0 
e 2 6 0 
e 2 18 0 
e 3 0 0 
e 3 7 0 
e 3 8 0 
e 3 19 0 
e 4 1 0 
e 5 1 0 
e 6 2 0 
e 6 7 0 
e 6 12 0 
e 7 3 0 
e 7 6 0 
e 7 13 0 
e 7 21 0 
e 8 3 0 
e 8 22 0 
e 12 6 0 
e 13 7 0 
e 13 26 0 
e 17 0 0 
e 18 2 0 
e 19 3 0 
e 21 7 0 
e 22 8 0 
e 26 13 0 
t # 7# (0, 220, 2)
v 0 0
v 1 0
v 2 100
v 3 0
v 4 0
v 5 0
v 6 1
v 7 0
v 10 4
v 13 0
v 14 4
v 19 3
v 20 3
v 21 3
v 22 3
v 23 3
v 24 3
e 0 1 0 
e 0 2 0 
e 0 3 0 
e 1 0 0 
e 1 4 0 
e 1 19 0 
e 2 0 0 
e 2 5 0 
e 2 6 0 
e 2 20 0 
e 3 0 0 
e 3 7 0 
e 3 21 0 
e 4 1 0 
e 5 2 0 
e 5 10 0 
e 5 22 0 
e 5 23 0 
e 6 2 0 
e 6 24 0 
e 7 3 0 
e 10 5 0 
e 10 13 0 
e 10 14 0 
e 13 10 0 
e 14 10 0 
e 19 1 0 
e 20 2 0 
e 21 3 0 
e 22 5 0 
e 23 5 0 
e 24 6 0 
t # 8# (0, 280, 16)
v 32 3
v 33 3
v 2 0
v 0 0
v 6 0
v 7 1
v 14 0
v 15 1
v 16 100
e 32 16 0 
e 33 16 0 
e 2 0 0 
e 2 6 0 
e 2 7 0 
e 0 2 0 
e 6 2 0 
e 6 14 0 
e 6 15 0 
e 7 2 0 
e 7 16 0 
e 14 6 0 
e 15 6 0 
e 15 16 0 
e 16 32 0 
e 16 33 0 
e 16 7 0 
e 16 15 0 
t # 9# (0, 280, 21)
v 1 0
v 34 3
v 35 3
v 4 0
v 10 0
v 11 1
v 19 0
v 20 1
v 21 100
e 1 4 0 
e 34 21 0 
e 35 21 0 
e 4 1 0 
e 4 10 0 
e 4 11 0 
e 10 4 0 
e 10 19 0 
e 10 20 0 
e 11 4 0 
e 11 21 0 
e 19 10 0 
e 20 10 0 
e 20 21 0 
e 21 34 0 
e 21 35 0 
e 21 11 0 
e 21 20 0 
t # 10# (0, 281, 17)
v 0 0
v 3 0
v 8 0
v 9 1
v 12 0
v 16 1
v 17 100
v 26 3
v 27 3
e 0 3 0 
e 3 0 0 
e 3 8 0 
e 3 9 0 
e 8 3 0 
e 8 12 0 
e 8 16 0 
e 9 3 0 
e 9 17 0 
e 12 8 0 
e 16 8 0 
e 16 17 0 
e 17 9 0 
e 17 16 0 
e 17 26 0 
e 17 27 0 
e 26 17 0 
e 27 17 0 
t # 11# (0, 284, 6)
v 0 0
v 1 0
v 2 0
v 3 0
v 4 0
v 5 0
v 6 100
v 8 0
v 12 0
v 13 0
v 14 0
v 15 1
v 18 1
v 23 0
v 44 3
v 47 3
v 48 3
v 51 3
v 52 3
v 54 3
v 55 3
e 0 1 0 
e 0 2 0 
e 0 3 0 
e 0 4 0 
e 1 0 0 
e 1 5 0 
e 1 6 0 
e 1 44 0 
e 2 0 0 
e 2 8 0 
e 3 0 0 
e 4 0 0 
e 5 1 0 
e 5 12 0 
e 5 13 0 
e 5 47 0 
e 6 1 0 
e 6 14 0 
e 6 15 0 
e 6 48 0 
e 8 2 0 
e 8 14 0 
e 8 18 0 
e 12 5 0 
e 12 23 0 
e 13 5 0 
e 14 6 0 
e 14 8 0 
e 14 23 0 
e 14 51 0 
e 15 6 0 
e 15 52 0 
e 18 8 0 
e 23 12 0 
e 23 14 0 
e 23 54 0 
e 23 55 0 
e 44 1 0 
e 47 5 0 
e 48 6 0 
e 51 14 0 
e 52 15 0 
e 54 23 0 
e 55 23 0 
t # 12# (0, 284, 13)
v 0 0
v 1 0
v 4 0
v 5 0
v 6 0
v 11 0
v 12 0
v 13 100
v 20 0
v 21 0
v 22 0
v 23 0
v 24 1
v 28 1
v 44 3
v 45 3
v 46 3
v 47 3
v 49 3
v 50 3
v 56 3
e 0 1 0 
e 0 4 0 
e 1 0 0 
e 1 5 0 
e 1 6 0 
e 1 44 0 
e 4 0 0 
e 4 11 0 
e 4 45 0 
e 4 46 0 
e 5 1 0 
e 5 12 0 
e 5 13 0 
e 5 47 0 
e 6 1 0 
e 11 4 0 
e 11 13 0 
e 11 20 0 
e 11 49 0 
e 12 5 0 
e 12 21 0 
e 12 22 0 
e 12 23 0 
e 13 5 0 
e 13 11 0 
e 13 24 0 
e 13 50 0 
e 20 11 0 
e 20 21 0 
e 20 28 0 
e 21 12 0 
e 21 20 0 
e 22 12 0 
e 23 12 0 
e 24 13 0 
e 24 56 0 
e 28 20 0 
e 44 1 0 
e 45 4 0 
e 46 4 0 
e 47 5 0 
e 49 11 0 
e 50 13 0 
e 56 24 0 
t # 13# (1, 358, 0)
v 0 100
v 1 1
v 2 1
v 3 0
v 4 0
v 5 0
v 6 0
v 7 3
v 8 3
v 9 3
v 10 3
v 11 3
v 12 3
e 0 1 0 
e 0 2 0 
e 0 7 0 
e 0 8 0 
e 1 0 0 
e 1 3 0 
e 2 0 0 
e 2 4 0 
e 3 1 0 
e 3 5 0 
e 3 9 0 
e 3 10 0 
e 4 2 0 
e 4 6 0 
e 4 11 0 
e 4 12 0 
e 5 3 0 
e 6 4 0 
e 7 0 0 
e 8 0 0 
e 9 3 0 
e 10 3 0 
e 11 4 0 
e 12 4 0 
t # 14# (1, 360, 7)
v 0 0
v 1 0
v 2 0
v 3 1
v 7 100
v 9 0
v 11 1
v 12 1
v 19 3
v 20 3
v 21 3
e 0 1 0 
e 0 2 0 
e 0 3 0 
e 1 0 0 
e 2 0 0 
e 3 0 0 
e 3 7 0 
e 7 3 0 
e 7 9 0 
e 7 19 0 
e 7 20 0 
e 9 7 0 
e 9 11 0 
e 9 12 0 
e 11 9 0 
e 11 21 0 
e 12 9 0 
e 19 7 0 
e 20 7 0 
e 21 11 0 
t # 15# (0, 363, 3)
v 0 0
v 33 3
v 32 3
v 3 100
v 4 1
v 1 0
v 2 0
v 5 0
v 6 0
v 7 0
v 8 1
v 30 3
v 31 3
e 0 1 0 
e 0 2 0 
e 0 3 0 
e 0 4 0 
e 33 3 0 
e 32 3 0 
e 3 0 0 
e 3 33 0 
e 3 32 0 
e 3 4 0 
e 4 0 0 
e 4 3 0 
e 1 0 0 
e 1 5 0 
e 1 6 0 
e 1 30 0 
e 2 0 0 
e 2 7 0 
e 2 8 0 
e 2 31 0 
e 5 1 0 
e 5 7 0 
e 6 1 0 
e 7 2 0 
e 7 5 0 
e 8 2 0 
e 30 1 0 
e 31 2 0 
t # 16# (1, 375, 3)
v 0 0
v 1 0
v 2 1
v 3 100
v 4 0
v 5 1
v 6 0
v 7 0
v 8 1
v 11 1
v 12 3
v 13 3
v 15 3
v 16 3
v 17 3
v 19 3
e 0 1 0 
e 0 2 0 
e 0 3 0 
e 0 12 0 
e 1 0 0 
e 1 4 0 
e 1 5 0 
e 2 0 0 
e 2 6 0 
e 3 0 0 
e 3 7 0 
e 3 8 0 
e 3 13 0 
e 4 1 0 
e 4 6 0 
e 5 1 0 
e 6 2 0 
e 6 4 0 
e 7 3 0 
e 7 11 0 
e 7 15 0 
e 7 16 0 
e 8 3 0 
e 8 17 0 
e 11 7 0 
e 11 19 0 
e 12 0 0 
e 13 3 0 
e 15 7 0 
e 16 7 0 
e 17 8 0 
e 19 11 0 
t # 17# (1, 378, 3)
v 0 0
v 1 0
v 2 1
v 3 100
v 4 0
v 5 0
v 6 0
v 7 0
v 8 0
v 9 1
v 14 0
v 21 0
v 22 0
v 52 3
v 53 3
v 59 3
v 60 3
v 61 3
v 62 3
v 63 3
v 64 3
v 67 3
e 0 1 0 
e 0 2 0 
e 0 3 0 
e 0 52 0 
e 1 0 0 
e 1 4 0 
e 1 5 0 
e 1 53 0 
e 2 0 0 
e 2 6 0 
e 3 0 0 
e 3 7 0 
e 3 8 0 
e 3 9 0 
e 4 1 0 
e 5 1 0 
e 6 2 0 
e 7 3 0 
e 7 14 0 
e 7 59 0 
e 7 60 0 
e 8 3 0 
e 8 61 0 
e 8 62 0 
e 8 63 0 
e 9 3 0 
e 9 64 0 
e 14 7 0 
e 14 21 0 
e 14 22 0 
e 14 67 0 
e 21 14 0 
e 22 14 0 
e 52 0 0 
e 53 1 0 
e 59 7 0 
e 60 7 0 
e 61 8 0 
e 62 8 0 
e 63 8 0 
e 64 9 0 
e 67 14 0 
t # 18# (1, 412, 7)
v 0 0
v 1 0
v 2 0
v 3 1
v 7 100
v 9 0
v 11 1
v 12 1
v 29 3
v 30 3
v 31 3
e 0 1 0 
e 0 2 0 
e 0 3 0 
e 1 0 0 
e 2 0 0 
e 3 0 0 
e 3 7 0 
e 7 3 0 
e 7 9 0 
e 7 29 0 
e 7 30 0 
e 9 7 0 
e 9 11 0 
e 9 12 0 
e 11 9 0 
e 11 31 0 
e 12 9 0 
e 29 7 0 
e 30 7 0 
e 31 11 0 
t # 19# (1, 444, 6)
v 0 0
v 1 0
v 2 0
v 3 0
v 4 0
v 37 3
v 38 3
v 7 1
v 6 100
v 5 0
v 36 3
v 11 0
v 13 1
e 0 1 0 
e 0 2 0 
e 0 3 0 
e 0 4 0 
e 1 0 0 
e 1 5 0 
e 1 6 0 
e 1 7 0 
e 2 0 0 
e 3 0 0 
e 3 11 0 
e 4 0 0 
e 37 6 0 
e 38 6 0 
e 7 1 0 
e 7 6 0 
e 6 1 0 
e 6 37 0 
e 6 38 0 
e 6 7 0 
e 5 1 0 
e 5 11 0 
e 5 13 0 
e 5 36 0 
e 36 5 0 
e 11 3 0 
e 11 5 0 
e 13 5 0 
t # 20# (1, 444, 11)
v 0 0
v 1 0
v 32 3
v 3 0
v 36 3
v 5 0
v 2 0
v 4 0
v 6 0
v 7 1
v 42 3
v 11 100
v 12 1
v 13 1
v 45 3
v 8 0
v 17 1
v 18 0
e 0 1 0 
e 0 2 0 
e 0 3 0 
e 0 4 0 
e 1 0 0 
e 1 5 0 
e 1 6 0 
e 1 7 0 
e 32 3 0 
e 3 0 0 
e 3 32 0 
e 3 11 0 
e 3 12 0 
e 36 5 0 
e 5 1 0 
e 5 36 0 
e 5 11 0 
e 5 13 0 
e 2 0 0 
e 2 8 0 
e 4 0 0 
e 6 1 0 
e 6 7 0 
e 7 1 0 
e 7 6 0 
e 42 11 0 
e 11 3 0 
e 11 5 0 
e 11 42 0 
e 11 17 0 
e 12 3 0 
e 12 18 0 
e 13 5 0 
e 13 8 0 
e 45 17 0 
e 8 2 0 
e 8 13 0 
e 17 11 0 
e 17 45 0 
e 18 12 0 
t # 21# (0, 484, 5)
v 0 0
v 1 0
v 2 0
v 3 0
v 4 0
v 5 100
v 6 0
v 7 0
v 10 0
v 11 1
v 12 0
v 14 0
v 15 0
v 18 3
v 19 3
v 21 3
v 22 3
v 23 3
v 24 3
v 26 3
v 27 3
v 30 3
v 31 3
e 0 1 0 
e 0 2 0 
e 0 3 0 
e 0 4 0 
e 1 0 0 
e 1 3 0 
e 1 5 0 
e 1 6 0 
e 2 0 0 
e 2 7 0 
e 3 0 0 
e 3 1 0 
e 3 18 0 
e 3 19 0 
e 4 0 0 
e 5 1 0 
e 5 10 0 
e 5 11 0 
e 5 21 0 
e 6 1 0 
e 6 22 0 
e 6 23 0 
e 6 24 0 
e 7 2 0 
e 7 10 0 
e 7 12 0 
e 10 5 0 
e 10 7 0 
e 10 14 0 
e 10 26 0 
e 11 5 0 
e 11 27 0 
e 12 7 0 
e 12 15 0 
e 14 10 0 
e 14 15 0 
e 14 30 0 
e 14 31 0 
e 15 12 0 
e 15 14 0 
e 18 3 0 
e 19 3 0 
e 21 5 0 
e 22 6 0 
e 23 6 0 
e 24 6 0 
e 26 10 0 
e 27 11 0 
e 30 14 0 
e 31 14 0 
t # 22# (0, 527, 17)
v 0 0
v 3 0
v 8 0
v 9 1
v 12 0
v 16 1
v 17 100
v 28 3
v 29 3
e 0 3 0 
e 3 0 0 
e 3 8 0 
e 3 9 0 
e 8 3 0 
e 8 12 0 
e 8 16 0 
e 9 3 0 
e 9 17 0 
e 12 8 0 
e 16 8 0 
e 16 17 0 
e 17 9 0 
e 17 16 0 
e 17 28 0 
e 17 29 0 
e 28 17 0 
e 29 17 0 
t # 23# (1, 545, 26)
v 5 0
v 11 0
v 12 0
v 19 0
v 20 1
v 53 3
v 54 3
v 25 1
v 26 100
e 5 12 0 
e 11 19 0 
e 12 5 0 
e 12 19 0 
e 12 20 0 
e 19 11 0 
e 19 12 0 
e 19 25 0 
e 20 12 0 
e 20 26 0 
e 53 26 0 
e 54 26 0 
e 25 19 0 
e 25 26 0 
e 26 20 0 
e 26 53 0 
e 26 54 0 
e 26 25 0 
t # 24# (0, 546, 24)
v 7 0
v 44 3
v 45 3
v 14 0
v 15 0
v 20 0
v 21 1
v 23 1
v 24 100
e 7 15 0 
e 44 24 0 
e 45 24 0 
e 14 20 0 
e 15 7 0 
e 15 20 0 
e 15 21 0 
e 20 14 0 
e 20 15 0 
e 20 23 0 
e 21 15 0 
e 21 24 0 
e 23 20 0 
e 23 24 0 
e 24 44 0 
e 24 45 0 
e 24 21 0 
e 24 23 0 
t # 25# (1, 664, 3)
v 0 0
v 1 0
v 2 0
v 3 100
v 4 1
v 5 0
v 6 0
v 7 0
v 8 0
v 9 1
v 24 3
v 25 3
v 26 3
e 0 1 0 
e 0 2 0 
e 0 3 0 
e 0 4 0 
e 1 0 0 
e 1 5 0 
e 1 6 0 
e 1 7 0 
e 2 0 0 
e 2 8 0 
e 2 9 0 
e 2 24 0 
e 3 0 0 
e 3 4 0 
e 3 25 0 
e 3 26 0 
e 4 0 0 
e 4 3 0 
e 5 1 0 
e 6 1 0 
e 6 8 0 
e 7 1 0 
e 8 2 0 
e 8 6 0 
e 9 2 0 
e 24 2 0 
e 25 3 0 
e 26 3 0 
t # 26# (1, 694, 21)
v 67 3
v 68 3
v 4 0
v 9 0
v 12 0
v 17 0
v 18 1
v 21 100
v 22 1
v 24 1
v 26 0
v 27 0
v 28 1
e 67 21 0 
e 68 21 0 
e 4 9 0 
e 9 4 0 
e 9 12 0 
e 9 17 0 
e 9 18 0 
e 12 9 0 
e 17 9 0 
e 17 21 0 
e 17 22 0 
e 18 9 0 
e 21 67 0 
e 21 68 0 
e 21 17 0 
e 21 24 0 
e 22 17 0 
e 24 21 0 
e 24 26 0 
e 26 24 0 
e 26 27 0 
e 26 28 0 
e 27 26 0 
e 28 26 0 
t # 27# (0, 710, 17)
v 3 0
v 5 0
v 8 0
v 10 0
v 13 1
v 15 1
v 17 100
v 25 3
v 26 3
e 3 8 0 
e 5 10 0 
e 8 3 0 
e 8 10 0 
e 8 13 0 
e 10 5 0 
e 10 8 0 
e 10 15 0 
e 13 8 0 
e 13 17 0 
e 15 10 0 
e 15 17 0 
e 17 13 0 
e 17 15 0 
e 17 25 0 
e 17 26 0 
e 25 17 0 
e 26 17 0 
t # 28# (0, 724, 25)
v 5 0
v 41 3
v 42 3
v 11 0
v 12 0
v 19 0
v 20 1
v 24 1
v 25 100
e 5 12 0 
e 41 25 0 
e 42 25 0 
e 11 19 0 
e 12 5 0 
e 12 19 0 
e 12 20 0 
e 19 11 0 
e 19 12 0 
e 19 24 0 
e 20 12 0 
e 20 25 0 
e 24 19 0 
e 24 25 0 
e 25 41 0 
e 25 42 0 
e 25 20 0 
e 25 24 0 
t # 29# (1, 740, 2)
v 0 0
v 1 0
v 2 100
v 3 0
v 4 0
v 5 0
v 6 1
v 7 0
v 10 4
v 13 0
v 20 3
v 21 3
v 22 3
v 23 3
v 24 3
v 25 3
v 28 3
e 0 1 0 
e 0 2 0 
e 0 3 0 
e 1 0 0 
e 1 4 0 
e 1 20 0 
e 2 0 0 
e 2 5 0 
e 2 6 0 
e 2 21 0 
e 3 0 0 
e 3 7 0 
e 3 22 0 
e 4 1 0 
e 5 2 0 
e 5 10 0 
e 5 23 0 
e 5 24 0 
e 6 2 0 
e 6 25 0 
e 7 3 0 
e 10 5 0 
e 10 13 0 
e 10 28 0 
e 13 10 0 
e 20 1 0 
e 21 2 0 
e 22 3 0 
e 23 5 0 
e 24 5 0 
e 25 6 0 
e 28 10 0 
t # 30# (1, 771, 6)
v 0 0
v 1 0
v 2 0
v 3 1
v 6 100
v 8 0
v 10 1
v 11 1
v 16 3
v 17 3
v 18 3
e 0 1 0 
e 0 2 0 
e 0 3 0 
e 1 0 0 
e 2 0 0 
e 3 0 0 
e 3 6 0 
e 6 3 0 
e 6 8 0 
e 6 16 0 
e 6 17 0 
e 8 6 0 
e 8 10 0 
e 8 11 0 
e 10 8 0 
e 10 18 0 
e 11 8 0 
e 16 6 0 
e 17 6 0 
e 18 10 0 
t # 31# (0, 796, 10)
v 32 3
v 1 0
v 2 0
v 0 0
v 4 0
v 5 0
v 6 0
v 7 0
v 10 100
v 11 4
v 14 0
v 18 1
v 19 0
v 20 0
v 21 0
v 22 3
v 24 3
v 28 3
e 32 18 0 
e 1 0 0 
e 1 4 0 
e 1 5 0 
e 2 0 0 
e 2 6 0 
e 2 7 0 
e 0 1 0 
e 0 2 0 
e 4 1 0 
e 4 10 0 
e 4 11 0 
e 4 22 0 
e 5 1 0 
e 6 2 0 
e 6 10 0 
e 6 14 0 
e 7 2 0 
e 10 4 0 
e 10 6 0 
e 10 18 0 
e 10 24 0 
e 11 4 0 
e 11 19 0 
e 11 20 0 
e 14 6 0 
e 14 21 0 
e 14 28 0 
e 18 32 0 
e 18 10 0 
e 19 11 0 
e 20 11 0 
e 21 14 0 
e 22 4 0 
e 24 10 0 
e 28 14 0 
t # 32# (0, 796, 17)
v 0 0
v 3 0
v 8 0
v 9 1
v 12 0
v 16 1
v 17 100
v 30 3
v 31 3
e 0 3 0 
e 3 0 0 
e 3 8 0 
e 3 9 0 
e 8 3 0 
e 8 12 0 
e 8 16 0 
e 9 3 0 
e 9 17 0 
e 12 8 0 
e 16 8 0 
e 16 17 0 
e 17 9 0 
e 17 16 0 
e 17 30 0 
e 17 31 0 
e 30 17 0 
e 31 17 0 
t # 33# (0, 804, 17)
v 0 0
v 3 0
v 8 0
v 9 1
v 12 0
v 16 1
v 17 100
v 27 3
v 28 3
e 0 3 0 
e 3 0 0 
e 3 8 0 
e 3 9 0 
e 8 3 0 
e 8 12 0 
e 8 16 0 
e 9 3 0 
e 9 17 0 
e 12 8 0 
e 16 8 0 
e 16 17 0 
e 17 9 0 
e 17 16 0 
e 17 27 0 
e 17 28 0 
e 27 17 0 
e 28 17 0 
t # 34# (0, 808, 15)
v 0 0
v 2 0
v 6 0
v 7 1
v 12 0
v 14 1
v 15 100
v 24 3
v 25 3
e 0 2 0 
e 2 0 0 
e 2 6 0 
e 2 7 0 
e 6 2 0 
e 6 12 0 
e 6 14 0 
e 7 2 0 
e 7 15 0 
e 12 6 0 
e 14 6 0 
e 14 15 0 
e 15 7 0 
e 15 14 0 
e 15 24 0 
e 15 25 0 
e 24 15 0 
e 25 15 0 
t # 35# (0, 901, 2)
v 0 0
v 1 0
v 2 100
v 3 1
v 4 0
v 5 4
v 6 0
v 7 1
v 8 0
v 9 0
v 11 1
v 14 4
v 17 0
v 39 3
v 40 3
v 41 3
v 45 3
v 46 3
v 48 3
e 0 1 0 
e 0 2 0 
e 0 3 0 
e 0 39 0 
e 1 0 0 
e 1 4 0 
e 1 5 0 
e 1 40 0 
e 2 0 0 
e 2 6 0 
e 2 7 0 
e 2 41 0 
e 3 0 0 
e 3 8 0 
e 4 1 0 
e 4 9 0 
e 5 1 0 
e 6 2 0 
e 6 9 0 
e 6 11 0 
e 6 45 0 
e 7 2 0 
e 7 46 0 
e 8 3 0 
e 9 4 0 
e 9 6 0 
e 9 14 0 
e 9 48 0 
e 11 6 0 
e 11 17 0 
e 14 9 0 
e 17 11 0 
e 39 0 0 
e 40 1 0 
e 41 2 0 
e 45 6 0 
e 46 7 0 
e 48 9 0 
t # 36# (0, 901, 25)
v 8 0
v 12 0
v 13 1
v 18 0
v 19 1
v 20 0
v 25 100
v 26 4
v 31 0
v 32 1
v 33 0
v 49 3
v 54 3
v 56 3
v 57 3
v 62 3
v 68 3
v 69 3
v 70 3
v 71 3
e 8 12 0 
e 8 13 0 
e 12 8 0 
e 12 18 0 
e 12 19 0 
e 12 49 0 
e 13 8 0 
e 13 20 0 
e 18 12 0 
e 18 25 0 
e 18 26 0 
e 18 54 0 
e 19 12 0 
e 20 13 0 
e 20 25 0 
e 20 56 0 
e 20 57 0 
e 25 18 0 
e 25 20 0 
e 25 31 0 
e 25 32 0 
e 26 18 0 
e 26 33 0 
e 26 62 0 
e 31 25 0 
e 31 68 0 
e 31 69 0 
e 31 70 0 
e 32 25 0 
e 32 71 0 
e 33 26 0 
e 49 12 0 
e 54 18 0 
e 56 20 0 
e 57 20 0 
e 62 26 0 
e 68 31 0 
e 69 31 0 
e 70 31 0 
e 71 32 0 
t # 37# (1, 922, 2)
v 0 0
v 1 0
v 2 100
v 3 1
v 4 0
v 5 0
v 6 0
v 12 3
v 13 3
v 14 3
v 15 3
v 16 3
e 0 1 0 
e 0 2 0 
e 0 3 0 
e 0 4 0 
e 1 0 0 
e 1 5 0 
e 1 6 0 
e 2 0 0 
e 2 3 0 
e 2 12 0 
e 2 13 0 
e 3 0 0 
e 3 2 0 
e 4 0 0 
e 4 14 0 
e 4 15 0 
e 4 16 0 
e 5 1 0 
e 6 1 0 
e 12 2 0 
e 13 2 0 
e 14 4 0 
e 15 4 0 
e 16 4 0 
t # 38# (0, 966, 2)
v 0 0
v 1 4
v 2 100
v 3 7
v 4 0
v 5 4
v 6 0
v 7 1
v 8 0
v 10 0
v 11 1
v 12 0
v 13 1
v 17 3
v 18 3
v 21 3
v 22 3
v 25 3
v 26 3
e 0 1 0 
e 0 2 0 
e 0 3 0 
e 0 17 0 
e 1 0 0 
e 1 4 0 
e 1 5 0 
e 2 0 0 
e 2 6 0 
e 2 7 0 
e 2 18 0 
e 3 0 0 
e 3 8 0 
e 4 1 0 
e 4 8 0 
e 5 1 0 
e 6 2 0 
e 6 10 0 
e 6 11 0 
e 6 21 0 
e 7 2 0 
e 7 22 0 
e 8 3 0 
e 8 4 0 
e 10 6 0 
e 10 12 0 
e 10 13 0 
e 10 25 0 
e 11 6 0 
e 11 26 0 
e 12 10 0 
e 13 10 0 
e 17 0 0 
e 18 2 0 
e 21 6 0 
e 22 7 0 
e 25 10 0 
e 26 11 0 
t # 39# (1, 968, 7)
v 0 0
v 1 0
v 2 0
v 3 1
v 7 100
v 9 0
v 11 1
v 12 1
v 23 3
v 24 3
v 25 3
e 0 1 0 
e 0 2 0 
e 0 3 0 
e 1 0 0 
e 2 0 0 
e 3 0 0 
e 3 7 0 
e 7 3 0 
e 7 9 0 
e 7 23 0 
e 7 24 0 
e 9 7 0 
e 9 11 0 
e 9 12 0 
e 11 9 0 
e 11 25 0 
e 12 9 0 
e 23 7 0 
e 24 7 0 
e 25 11 0 
t # 40# (0, 1077, 10)
v 0 0
v 33 3
v 34 3
v 3 0
v 1 0
v 2 0
v 4 0
v 5 0
v 8 0
v 9 1
v 10 100
v 16 0
v 17 1
v 22 3
v 26 3
v 27 3
e 0 1 0 
e 0 2 0 
e 0 3 0 
e 0 4 0 
e 33 16 0 
e 34 17 0 
e 3 0 0 
e 3 9 0 
e 3 10 0 
e 3 22 0 
e 1 0 0 
e 1 5 0 
e 2 0 0 
e 2 8 0 
e 4 0 0 
e 5 1 0 
e 5 9 0 
e 8 2 0 
e 8 16 0 
e 8 26 0 
e 9 3 0 
e 9 5 0 
e 10 3 0 
e 10 16 0 
e 10 17 0 
e 10 27 0 
e 16 33 0 
e 16 8 0 
e 16 10 0 
e 17 34 0 
e 17 10 0 
e 22 3 0 
e 26 8 0 
e 27 10 0 
t # 41# (1, 1092, 3)
v 0 0
v 1 0
v 2 0
v 3 100
v 4 1
v 5 0
v 6 0
v 7 0
v 8 0
v 9 1
v 26 3
v 27 3
v 28 3
e 0 1 0 
e 0 2 0 
e 0 3 0 
e 0 4 0 
e 1 0 0 
e 1 5 0 
e 1 6 0 
e 1 7 0 
e 2 0 0 
e 2 8 0 
e 2 9 0 
e 2 26 0 
e 3 0 0 
e 3 4 0 
e 3 27 0 
e 3 28 0 
e 4 0 0 
e 4 3 0 
e 5 1 0 
e 6 1 0 
e 6 8 0 
e 7 1 0 
e 8 2 0 
e 8 6 0 
e 9 2 0 
e 26 2 0 
e 27 3 0 
e 28 3 0 
t # 42# (1, 1092, 8)
v 0 0
v 33 3
v 2 0
v 3 0
v 1 0
v 4 1
v 6 0
v 39 3
v 8 100
v 9 1
v 5 0
v 7 0
v 10 0
v 13 1
v 14 1
v 18 0
v 26 3
v 29 3
e 0 1 0 
e 0 2 0 
e 0 3 0 
e 0 4 0 
e 33 8 0 
e 2 0 0 
e 2 8 0 
e 2 9 0 
e 2 26 0 
e 3 0 0 
e 3 4 0 
e 1 0 0 
e 1 5 0 
e 1 6 0 
e 1 7 0 
e 4 0 0 
e 4 3 0 
e 6 1 0 
e 6 8 0 
e 6 13 0 
e 6 29 0 
e 39 14 0 
e 8 33 0 
e 8 2 0 
e 8 6 0 
e 8 14 0 
e 9 2 0 
e 9 10 0 
e 5 1 0 
e 5 10 0 
e 7 1 0 
e 10 9 0 
e 10 5 0 
e 13 6 0 
e 13 18 0 
e 14 39 0 
e 14 8 0 
e 18 13 0 
e 26 2 0 
e 29 6 0 
t # 43# (0, 1154, 10)
v 0 0
v 1 0
v 4 0
v 5 1
v 8 0
v 10 100
v 11 0
v 12 0
v 15 0
v 16 0
v 17 1
v 18 1
v 19 0
v 20 0
v 22 1
v 28 3
v 29 3
v 30 3
v 31 3
v 32 3
e 0 1 0 
e 1 0 0 
e 1 4 0 
e 1 5 0 
e 4 1 0 
e 4 10 0 
e 4 11 0 
e 5 1 0 
e 5 12 0 
e 8 11 0 
e 10 4 0 
e 10 15 0 
e 10 16 0 
e 11 4 0 
e 11 8 0 
e 11 17 0 
e 12 5 0 
e 12 15 0 
e 12 18 0 
e 15 10 0 
e 15 12 0 
e 15 19 0 
e 16 10 0 
e 16 20 0 
e 16 28 0 
e 16 29 0 
e 17 11 0 
e 18 12 0 
e 19 15 0 
e 19 20 0 
e 19 22 0 
e 19 30 0 
e 20 16 0 
e 20 19 0 
e 20 31 0 
e 20 32 0 
e 22 19 0 
e 28 16 0 
e 29 16 0 
e 30 19 0 
e 31 20 0 
e 32 20 0 
t # 44# (0, 1154, 15)
v 32 3
v 1 0
v 4 0
v 5 1
v 36 3
v 10 0
v 11 0
v 12 0
v 15 100
v 16 0
v 18 1
v 19 0
v 20 0
v 22 1
v 28 3
v 29 3
v 30 3
v 31 3
e 32 20 0 
e 1 4 0 
e 1 5 0 
e 4 1 0 
e 4 10 0 
e 4 11 0 
e 5 1 0 
e 5 12 0 
e 36 22 0 
e 10 4 0 
e 10 15 0 
e 10 16 0 
e 11 4 0 
e 12 5 0 
e 12 15 0 
e 12 18 0 
e 15 10 0 
e 15 12 0 
e 15 19 0 
e 16 10 0 
e 16 20 0 
e 16 28 0 
e 16 29 0 
e 18 12 0 
e 19 15 0 
e 19 20 0 
e 19 22 0 
e 19 30 0 
e 20 32 0 
e 20 16 0 
e 20 19 0 
e 20 31 0 
e 22 36 0 
e 22 19 0 
e 28 16 0 
e 29 16 0 
e 30 19 0 
e 31 20 0 
t # 45# (0, 1154, 19)
v 32 3
v 36 3
v 5 1
v 4 0
v 10 0
v 12 0
v 15 0
v 16 0
v 18 1
v 19 100
v 20 0
v 22 1
v 28 3
v 29 3
v 30 3
v 31 3
e 32 20 0 
e 36 22 0 
e 5 12 0 
e 4 10 0 
e 10 4 0 
e 10 15 0 
e 10 16 0 
e 12 5 0 
e 12 15 0 
e 12 18 0 
e 15 10 0 
e 15 12 0 
e 15 19 0 
e 16 10 0 
e 16 20 0 
e 16 28 0 
e 16 29 0 
e 18 12 0 
e 19 15 0 
e 19 20 0 
e 19 22 0 
e 19 30 0 
e 20 32 0 
e 20 16 0 
e 20 19 0 
e 20 31 0 
e 22 36 0 
e 22 19 0 
e 28 16 0 
e 29 16 0 
e 30 19 0 
e 31 20 0 
t # 46# (1, 1233, 7)
v 0 0
v 1 0
v 2 0
v 3 1
v 4 0
v 5 1
v 7 100
v 16 3
v 17 3
e 0 1 0 
e 0 2 0 
e 0 3 0 
e 1 0 0 
e 1 4 0 
e 1 5 0 
e 2 0 0 
e 3 0 0 
e 3 7 0 
e 4 1 0 
e 5 1 0 
e 5 7 0 
e 7 3 0 
e 7 5 0 
e 7 16 0 
e 7 17 0 
e 16 7 0 
e 17 7 0 
t # 47# (0, 1238, 2)
v 0 0
v 1 0
v 2 100
v 3 1
v 4 0
v 5 4
v 6 0
v 7 1
v 8 0
v 9 1
v 12 0
v 17 1
v 62 3
v 63 3
v 64 3
v 67 3
v 68 3
v 71 3
v 72 3
e 0 1 0 
e 0 2 0 
e 0 3 0 
e 0 62 0 
e 1 0 0 
e 1 4 0 
e 1 5 0 
e 1 63 0 
e 2 0 0 
e 2 6 0 
e 2 7 0 
e 2 64 0 
e 3 0 0 
e 3 8 0 
e 4 1 0 
e 4 9 0 
e 5 1 0 
e 6 2 0 
e 6 9 0 
e 6 12 0 
e 6 67 0 
e 7 2 0 
e 7 68 0 
e 8 3 0 
e 9 4 0 
e 9 6 0 
e 12 6 0 
e 12 17 0 
e 12 71 0 
e 12 72 0 
e 17 12 0 
e 62 0 0 
e 63 1 0 
e 64 2 0 
e 67 6 0 
e 68 7 0 
e 71 12 0 
e 72 12 0 
t # 48# (0, 1270, 3)
v 0 0
v 1 0
v 2 1
v 3 100
v 4 0
v 5 0
v 6 0
v 7 0
v 8 0
v 9 1
v 10 1
v 11 1
v 14 0
v 17 0
v 46 3
v 47 3
v 48 3
v 49 3
v 50 3
v 53 3
v 54 3
v 55 3
e 0 1 0 
e 0 2 0 
e 0 3 0 
e 0 4 0 
e 1 0 0 
e 1 5 0 
e 1 6 0 
e 2 0 0 
e 2 7 0 
e 3 0 0 
e 3 8 0 
e 3 9 0 
e 3 46 0 
e 4 0 0 
e 4 10 0 
e 4 11 0 
e 5 1 0 
e 6 1 0 
e 6 14 0 
e 7 2 0 
e 8 3 0 
e 8 14 0 
e 8 17 0 
e 8 47 0 
e 9 3 0 
e 9 48 0 
e 10 4 0 
e 11 4 0 
e 14 6 0 
e 14 8 0 
e 14 49 0 
e 14 50 0 
e 17 8 0 
e 17 53 0 
e 17 54 0 
e 17 55 0 
e 46 3 0 
e 47 8 0 
e 48 9 0 
e 49 14 0 
e 50 14 0 
e 53 17 0 
e 54 17 0 
e 55 17 0 
t # 49# (0, 1270, 36)
v 29 0
v 30 0
v 31 1
v 32 0
v 34 0
v 35 0
v 36 100
v 37 0
v 38 0
v 40 0
v 41 1
v 42 1
v 43 1
v 44 0
v 64 3
v 65 3
v 66 3
v 68 3
v 69 3
v 70 3
v 71 3
v 72 3
e 29 31 0 
e 30 32 0 
e 31 29 0 
e 31 34 0 
e 32 30 0 
e 32 34 0 
e 32 35 0 
e 34 31 0 
e 34 32 0 
e 34 36 0 
e 34 37 0 
e 35 32 0 
e 35 38 0 
e 36 34 0 
e 36 40 0 
e 36 41 0 
e 36 64 0 
e 37 34 0 
e 37 42 0 
e 37 43 0 
e 38 35 0 
e 38 40 0 
e 38 65 0 
e 38 66 0 
e 40 36 0 
e 40 38 0 
e 40 44 0 
e 40 68 0 
e 41 36 0 
e 41 69 0 
e 42 37 0 
e 43 37 0 
e 44 40 0 
e 44 70 0 
e 44 71 0 
e 44 72 0 
e 64 36 0 
e 65 38 0 
e 66 38 0 
e 68 40 0 
e 69 41 0 
e 70 44 0 
e 71 44 0 
e 72 44 0 
t # 50# (1, 1324, 20)
v 64 3
v 26 1
v 27 1
v 12 0
v 15 0
v 17 0
v 18 0
v 20 100
v 21 0
v 22 0
v 56 3
v 25 0
v 58 3
v 59 3
v 63 3
v 62 3
v 57 3
e 64 26 0 
e 26 64 0 
e 26 20 0 
e 27 22 0 
e 12 15 0 
e 15 12 0 
e 15 17 0 
e 15 18 0 
e 17 15 0 
e 17 20 0 
e 17 21 0 
e 18 15 0 
e 18 22 0 
e 20 26 0 
e 20 17 0 
e 20 25 0 
e 20 56 0 
e 21 17 0 
e 21 57 0 
e 21 58 0 
e 22 27 0 
e 22 18 0 
e 22 25 0 
e 22 59 0 
e 56 20 0 
e 25 20 0 
e 25 22 0 
e 25 62 0 
e 25 63 0 
e 58 21 0 
e 59 22 0 
e 63 25 0 
e 62 25 0 
e 57 21 0 
t # 51# (1, 1357, 3)
v 0 0
v 1 0
v 2 0
v 3 100
v 4 0
v 5 0
v 6 0
v 7 1
v 10 4
v 14 0
v 24 3
v 25 3
v 26 3
v 28 3
v 29 3
v 30 3
v 31 3
e 0 1 0 
e 0 2 0 
e 0 3 0 
e 1 0 0 
e 1 4 0 
e 1 24 0 
e 2 0 0 
e 2 5 0 
e 2 25 0 
e 3 0 0 
e 3 6 0 
e 3 7 0 
e 3 26 0 
e 4 1 0 
e 5 2 0 
e 6 3 0 
e 6 10 0 
e 6 28 0 
e 6 29 0 
e 7 3 0 
e 7 30 0 
e 10 6 0 
e 10 14 0 
e 10 31 0 
e 14 10 0 
e 24 1 0 
e 25 2 0 
e 26 3 0 
e 28 6 0 
e 29 6 0 
e 30 7 0 
e 31 10 0 
t # 52# (1, 1364, 14)
v 2 0
v 38 3
v 39 3
v 40 3
v 6 1
v 42 3
v 43 3
v 12 0
v 44 3
v 14 100
v 17 0
v 18 1
v 19 1
v 20 0
e 2 6 0 
e 38 12 0 
e 39 12 0 
e 40 14 0 
e 6 2 0 
e 6 12 0 
e 42 17 0 
e 43 17 0 
e 12 38 0 
e 12 39 0 
e 12 6 0 
e 12 14 0 
e 44 18 0 
e 14 40 0 
e 14 12 0 
e 14 17 0 
e 14 18 0 
e 17 42 0 
e 17 43 0 
e 17 14 0 
e 17 19 0 
e 18 44 0 
e 18 14 0 
e 19 17 0 
e 19 20 0 
e 20 19 0 
t # 53# (1, 1369, 11)
v 32 3
v 0 0
v 1 0
v 3 1
v 4 0
v 33 3
v 8 0
v 11 100
v 12 0
v 13 1
v 14 4
v 15 0
v 20 3
v 29 3
v 30 3
v 31 3
e 32 13 0 
e 0 1 0 
e 0 3 0 
e 1 0 0 
e 1 4 0 
e 3 0 0 
e 3 8 0 
e 4 1 0 
e 4 8 0 
e 4 20 0 
e 33 14 0 
e 8 3 0 
e 8 4 0 
e 8 11 0 
e 11 8 0 
e 11 12 0 
e 11 13 0 
e 11 29 0 
e 12 11 0 
e 12 14 0 
e 12 30 0 
e 12 31 0 
e 13 32 0 
e 13 11 0 
e 14 33 0 
e 14 12 0 
e 14 15 0 
e 15 14 0 
e 20 4 0 
e 29 11 0 
e 30 12 0 
e 31 12 0 
t # 54# (0, 1384, 17)
v 32 3
v 0 0
v 3 0
v 8 0
v 9 1
v 12 0
v 16 1
v 17 100
v 31 3
e 32 17 0 
e 0 3 0 
e 3 0 0 
e 3 8 0 
e 3 9 0 
e 8 3 0 
e 8 12 0 
e 8 16 0 
e 9 3 0 
e 9 17 0 
e 12 8 0 
e 16 8 0 
e 16 17 0 
e 17 32 0 
e 17 9 0 
e 17 16 0 
e 17 31 0 
e 31 17 0 
t # 55# (1, 1402, 7)
v 0 0
v 1 0
v 2 0
v 3 1
v 4 0
v 5 1
v 7 100
v 23 3
v 24 3
e 0 1 0 
e 0 2 0 
e 0 3 0 
e 1 0 0 
e 1 4 0 
e 1 5 0 
e 2 0 0 
e 3 0 0 
e 3 7 0 
e 4 1 0 
e 5 1 0 
e 5 7 0 
e 7 3 0 
e 7 5 0 
e 7 23 0 
e 7 24 0 
e 23 7 0 
e 24 7 0 
t # 56# (1, 1409, 2)
v 0 0
v 1 0
v 2 100
v 3 1
v 4 0
v 5 1
v 6 0
v 7 1
v 8 1
v 10 3
v 12 3
v 13 3
v 14 3
e 0 1 0 
e 0 2 0 
e 0 3 0 
e 1 0 0 
e 1 4 0 
e 1 5 0 
e 2 0 0 
e 2 6 0 
e 2 7 0 
e 2 10 0 
e 3 0 0 
e 4 1 0 
e 4 8 0 
e 5 1 0 
e 6 2 0 
e 6 8 0 
e 6 12 0 
e 6 13 0 
e 7 2 0 
e 7 14 0 
e 8 4 0 
e 8 6 0 
e 10 2 0 
e 12 6 0 
e 13 6 0 
e 14 7 0 
t # 57# (1, 1460, 4)
v 0 0
v 1 0
v 2 0
v 3 0
v 4 100
v 5 0
v 9 0
v 10 1
v 11 0
v 14 4
v 15 0
v 17 0
v 18 0
v 19 0
v 26 3
v 27 3
v 29 3
v 30 3
v 33 3
v 34 3
e 0 1 0 
e 0 2 0 
e 0 3 0 
e 1 0 0 
e 1 4 0 
e 1 5 0 
e 2 0 0 
e 3 0 0 
e 4 1 0 
e 4 9 0 
e 4 10 0 
e 4 26 0 
e 5 1 0 
e 5 11 0 
e 5 27 0 
e 9 4 0 
e 9 14 0 
e 9 15 0 
e 9 29 0 
e 10 4 0 
e 10 30 0 
e 11 5 0 
e 14 9 0 
e 14 17 0 
e 14 18 0 
e 15 9 0 
e 15 19 0 
e 15 33 0 
e 15 34 0 
e 17 14 0 
e 18 14 0 
e 19 15 0 
e 26 4 0 
e 27 5 0 
e 29 9 0 
e 30 10 0 
e 33 15 0 
e 34 15 0 
t # 58# (1, 1475, 1)
v 0 0
v 1 100
v 2 0
v 3 0
v 4 0
v 5 1
v 6 0
v 7 0
v 8 4
v 11 0
v 13 3
v 14 3
v 15 3
v 16 3
v 17 3
v 18 3
v 20 3
e 0 1 0 
e 0 2 0 
e 0 3 0 
e 1 0 0 
e 1 4 0 
e 1 5 0 
e 1 13 0 
e 2 0 0 
e 2 6 0 
e 2 14 0 
e 3 0 0 
e 3 7 0 
e 3 15 0 
e 4 1 0 
e 4 8 0 
e 4 16 0 
e 4 17 0 
e 5 1 0 
e 5 18 0 
e 6 2 0 
e 7 3 0 
e 8 4 0 
e 8 11 0 
e 8 20 0 
e 11 8 0 
e 13 1 0 
e 14 2 0 
e 15 3 0 
e 16 4 0 
e 17 4 0 
e 18 5 0 
e 20 8 0 
t # 59# (0, 1540, 16)
v 1 0
v 4 1
v 10 0
v 15 0
v 16 100
v 20 0
v 21 4
v 22 0
v 23 1
v 28 0
v 31 1
v 34 4
v 46 3
v 51 3
v 52 3
v 58 3
v 59 3
v 67 3
v 69 3
e 1 4 0 
e 4 1 0 
e 4 10 0 
e 10 4 0 
e 10 15 0 
e 10 16 0 
e 10 46 0 
e 15 10 0 
e 15 20 0 
e 15 21 0 
e 15 51 0 
e 16 10 0 
e 16 22 0 
e 16 23 0 
e 16 52 0 
e 20 15 0 
e 20 28 0 
e 21 15 0 
e 22 16 0 
e 22 28 0 
e 22 31 0 
e 22 58 0 
e 23 16 0 
e 23 59 0 
e 28 20 0 
e 28 22 0 
e 28 34 0 
e 28 67 0 
e 31 22 0 
e 31 69 0 
e 34 28 0 
e 46 10 0 
e 51 15 0 
e 52 16 0 
e 58 22 0 
e 59 23 0 
e 67 28 0 
e 69 31 0 
t # 60# (1, 1552, 3)
v 0 0
v 1 0
v 2 1
v 3 100
v 4 0
v 5 1
v 6 0
v 7 0
v 8 1
v 11 1
v 13 3
v 14 3
v 15 3
v 16 3
v 17 3
v 19 3
e 0 1 0 
e 0 2 0 
e 0 3 0 
e 0 13 0 
e 1 0 0 
e 1 4 0 
e 1 5 0 
e 2 0 0 
e 2 6 0 
e 3 0 0 
e 3 7 0 
e 3 8 0 
e 3 14 0 
e 4 1 0 
e 4 6 0 
e 5 1 0 
e 6 2 0 
e 6 4 0 
e 7 3 0 
e 7 11 0 
e 7 15 0 
e 7 16 0 
e 8 3 0 
e 8 17 0 
e 11 7 0 
e 11 19 0 
e 13 0 0 
e 14 3 0 
e 15 7 0 
e 16 7 0 
e 17 8 0 
e 19 11 0 
t # 61# (1, 1563, 0)
v 0 100
v 1 0
v 2 0
v 3 1
v 4 0
v 5 1
v 6 3
v 7 3
v 8 3
v 9 3
v 10 3
v 11 3
v 12 3
v 13 3
e 0 1 0 
e 0 2 0 
e 0 3 0 
e 0 6 0 
e 1 0 0 
e 1 4 0 
e 1 5 0 
e 2 0 0 
e 2 7 0 
e 2 8 0 
e 2 9 0 
e 3 0 0 
e 3 10 0 
e 4 1 0 
e 4 11 0 
e 4 12 0 
e 4 13 0 
e 5 1 0 
e 6 0 0 
e 7 2 0 
e 8 2 0 
e 9 2 0 
e 10 3 0 
e 11 4 0 
e 12 4 0 
e 13 4 0 
t # 62# (1, 1569, 10)
v 0 0
v 1 0
v 4 0
v 5 0
v 9 1
v 10 100
v 15 0
v 16 0
v 17 0
v 18 1
v 24 0
v 34 0
v 35 0
v 59 3
v 61 3
v 72 3
v 73 3
v 74 3
v 75 3
v 76 3
v 77 3
v 81 3
e 0 1 0 
e 1 0 0 
e 1 4 0 
e 1 5 0 
e 1 59 0 
e 4 1 0 
e 4 9 0 
e 4 10 0 
e 4 61 0 
e 5 1 0 
e 9 4 0 
e 9 15 0 
e 10 4 0 
e 10 16 0 
e 10 17 0 
e 10 18 0 
e 15 9 0 
e 16 10 0 
e 16 24 0 
e 16 72 0 
e 16 73 0 
e 17 10 0 
e 17 74 0 
e 17 75 0 
e 17 76 0 
e 18 10 0 
e 18 77 0 
e 24 16 0 
e 24 34 0 
e 24 35 0 
e 24 81 0 
e 34 24 0 
e 35 24 0 
e 59 1 0 
e 61 4 0 
e 72 16 0 
e 73 16 0 
e 74 17 0 
e 75 17 0 
e 76 17 0 
e 77 18 0 
e 81 24 0 
t # 63# (1, 1569, 22)
v 32 1
v 33 0
v 4 0
v 71 3
v 9 1
v 42 0
v 43 4
v 15 0
v 80 3
v 48 0
v 49 0
v 22 100
v 23 1
v 91 3
v 92 3
v 31 0
e 32 22 0 
e 32 92 0 
e 33 23 0 
e 33 42 0 
e 4 9 0 
e 71 15 0 
e 9 4 0 
e 9 15 0 
e 42 33 0 
e 42 31 0 
e 43 31 0 
e 43 48 0 
e 43 49 0 
e 15 71 0 
e 15 9 0 
e 15 22 0 
e 15 23 0 
e 80 22 0 
e 48 43 0 
e 49 43 0 
e 22 32 0 
e 22 15 0 
e 22 80 0 
e 22 31 0 
e 23 33 0 
e 23 15 0 
e 91 31 0 
e 92 32 0 
e 31 42 0 
e 31 43 0 
e 31 22 0 
e 31 91 0 
t # 64# (1, 1569, 25)
v 6 0
v 11 0
v 12 1
v 19 0
v 20 0
v 25 100
v 26 1
v 27 0
v 28 0
v 36 1
v 37 0
v 69 3
v 70 3
v 78 3
v 82 3
v 83 3
v 84 3
v 85 3
v 86 3
v 87 3
v 88 3
v 97 3
e 6 11 0 
e 6 12 0 
e 11 6 0 
e 11 19 0 
e 11 69 0 
e 11 70 0 
e 12 6 0 
e 12 20 0 
e 19 11 0 
e 19 25 0 
e 19 26 0 
e 19 27 0 
e 20 12 0 
e 20 25 0 
e 20 28 0 
e 20 78 0 
e 25 19 0 
e 25 20 0 
e 25 36 0 
e 25 82 0 
e 26 19 0 
e 26 37 0 
e 27 19 0 
e 27 83 0 
e 27 84 0 
e 27 85 0 
e 28 20 0 
e 28 86 0 
e 28 87 0 
e 28 88 0 
e 36 25 0 
e 36 97 0 
e 37 26 0 
e 69 11 0 
e 70 11 0 
e 78 20 0 
e 82 25 0 
e 83 27 0 
e 84 27 0 
e 85 27 0 
e 86 28 0 
e 87 28 0 
e 88 28 0 
e 97 36 0 
t # 65# (1, 1569, 37)
v 98 3
v 37 100
v 11 0
v 19 0
v 25 0
v 26 1
v 27 0
e 98 37 0 
e 37 98 0 
e 37 26 0 
e 11 19 0 
e 19 11 0 
e 19 25 0 
e 19 26 0 
e 19 27 0 
e 25 19 0 
e 26 37 0 
e 26 19 0 
e 27 19 0 
t # 66# (1, 1602, 7)
v 0 0
v 1 0
v 2 0
v 3 1
v 7 100
v 9 0
v 11 1
v 12 1
v 19 3
v 20 3
v 28 3
e 0 1 0 
e 0 2 0 
e 0 3 0 
e 1 0 0 
e 2 0 0 
e 3 0 0 
e 3 7 0 
e 7 3 0 
e 7 9 0 
e 7 19 0 
e 7 20 0 
e 9 7 0 
e 9 11 0 
e 9 12 0 
e 11 9 0 
e 12 9 0 
e 12 28 0 
e 19 7 0 
e 20 7 0 
e 28 12 0 
t # 67# (1, 1605, 22)
v 70 3
v 71 3
v 72 3
v 28 1
v 14 0
v 16 0
v 18 0
v 19 0
v 61 3
v 22 100
v 23 0
v 24 0
v 27 0
v 60 3
v 29 1
v 62 3
v 63 3
e 70 27 0 
e 71 27 0 
e 72 28 0 
e 28 72 0 
e 28 22 0 
e 14 16 0 
e 16 14 0 
e 16 18 0 
e 16 19 0 
e 18 16 0 
e 18 22 0 
e 18 23 0 
e 19 16 0 
e 19 24 0 
e 61 23 0 
e 22 28 0 
e 22 18 0 
e 22 27 0 
e 22 60 0 
e 23 18 0 
e 23 61 0 
e 23 62 0 
e 24 19 0 
e 24 27 0 
e 24 29 0 
e 24 63 0 
e 27 70 0 
e 27 71 0 
e 27 22 0 
e 27 24 0 
e 60 22 0 
e 29 24 0 
e 62 23 0 
e 63 24 0 
t # 68# (0, 1624, 16)
v 0 0
v 3 0
v 8 0
v 9 1
v 10 0
v 15 1
v 16 100
v 28 3
v 29 3
e 0 3 0 
e 3 0 0 
e 3 8 0 
e 3 9 0 
e 8 3 0 
e 8 10 0 
e 8 15 0 
e 9 3 0 
e 9 16 0 
e 10 8 0 
e 15 8 0 
e 15 16 0 
e 16 9 0 
e 16 15 0 
e 16 28 0 
e 16 29 0 
e 28 16 0 
e 29 16 0 
t # 69# (1, 1635, 7)
v 0 0
v 1 0
v 2 0
v 3 1
v 7 100
v 9 0
v 11 1
v 12 1
v 13 0
v 17 3
v 18 3
e 0 1 0 
e 0 2 0 
e 0 3 0 
e 1 0 0 
e 2 0 0 
e 3 0 0 
e 3 7 0 
e 7 3 0 
e 7 9 0 
e 7 17 0 
e 7 18 0 
e 9 7 0 
e 9 11 0 
e 9 12 0 
e 11 9 0 
e 11 13 0 
e 12 9 0 
e 13 11 0 
e 17 7 0 
e 18 7 0 
t # 70# (1, 1690, 7)
v 0 0
v 1 0
v 2 0
v 3 1
v 4 0
v 5 1
v 7 100
v 16 3
v 17 3
e 0 1 0 
e 0 2 0 
e 0 3 0 
e 1 0 0 
e 1 4 0 
e 1 5 0 
e 2 0 0 
e 3 0 0 
e 3 7 0 
e 4 1 0 
e 5 1 0 
e 5 7 0 
e 7 3 0 
e 7 5 0 
e 7 16 0 
e 7 17 0 
e 16 7 0 
e 17 7 0 
t # 71# (1, 1727, 54)
v 96 3
v 98 3
v 45 0
v 60 1
v 48 4
v 52 0
v 54 100
v 56 0
v 57 1
v 90 3
v 92 3
v 93 3
e 96 54 0 
e 98 56 0 
e 45 48 0 
e 60 56 0 
e 48 45 0 
e 48 52 0 
e 48 90 0 
e 52 48 0 
e 52 54 0 
e 52 92 0 
e 52 93 0 
e 54 96 0 
e 54 52 0 
e 54 56 0 
e 54 57 0 
e 56 98 0 
e 56 60 0 
e 56 54 0 
e 57 54 0 
e 90 48 0 
e 92 52 0 
e 93 52 0 
t # 72# (0, 1771, 17)
v 0 0
v 33 3
v 34 3
v 3 0
v 8 0
v 9 1
v 12 0
v 16 1
v 17 100
e 0 3 0 
e 33 17 0 
e 34 17 0 
e 3 0 0 
e 3 8 0 
e 3 9 0 
e 8 3 0 
e 8 12 0 
e 8 16 0 
e 9 3 0 
e 9 17 0 
e 12 8 0 
e 16 8 0 
e 16 17 0 
e 17 33 0 
e 17 34 0 
e 17 9 0 
e 17 16 0 
t # 73# (0, 1905, 13)
v 3 0
v 5 0
v 38 3
v 6 0
v 40 3
v 7 0
v 39 3
v 11 0
v 12 0
v 13 100
v 45 3
v 8 0
v 9 0
v 10 1
v 18 1
v 16 1
v 17 0
e 3 5 0 
e 3 6 0 
e 5 3 0 
e 5 7 0 
e 5 8 0 
e 38 11 0 
e 6 3 0 
e 6 9 0 
e 6 10 0 
e 6 11 0 
e 40 13 0 
e 7 5 0 
e 7 12 0 
e 7 13 0 
e 39 11 0 
e 11 38 0 
e 11 6 0 
e 11 39 0 
e 11 13 0 
e 12 7 0 
e 12 16 0 
e 12 17 0 
e 13 40 0 
e 13 7 0 
e 13 11 0 
e 13 18 0 
e 45 18 0 
e 8 5 0 
e 9 6 0 
e 10 6 0 
e 18 13 0 
e 18 45 0 
e 16 12 0 
e 17 12 0 
t # 74# (1, 1912, 10)
v 0 0
v 1 0
v 2 0
v 3 0
v 4 0
v 5 0
v 6 0
v 7 0
v 10 100
v 11 0
v 12 1
v 16 1
v 24 3
v 25 3
v 36 3
v 37 3
v 38 3
v 39 3
v 44 3
e 0 1 0 
e 0 2 0 
e 0 3 0 
e 0 4 0 
e 1 0 0 
e 1 5 0 
e 1 6 0 
e 1 7 0 
e 2 0 0 
e 3 0 0 
e 3 10 0 
e 3 24 0 
e 3 25 0 
e 4 0 0 
e 4 11 0 
e 5 1 0 
e 5 10 0 
e 5 11 0 
e 5 12 0 
e 6 1 0 
e 7 1 0 
e 10 3 0 
e 10 5 0 
e 10 16 0 
e 10 36 0 
e 11 4 0 
e 11 5 0 
e 11 37 0 
e 11 38 0 
e 12 5 0 
e 12 39 0 
e 16 10 0 
e 16 44 0 
e 24 3 0 
e 25 3 0 
e 36 10 0 
e 37 11 0 
e 38 11 0 
e 39 12 0 
e 44 16 0 
t # 75# (0, 1948, 23)
v 36 3
v 37 3
v 7 0
v 13 0
v 14 0
v 18 0
v 19 1
v 22 1
v 23 100
e 36 23 0 
e 37 23 0 
e 7 14 0 
e 13 18 0 
e 14 7 0 
e 14 18 0 
e 14 19 0 
e 18 13 0 
e 18 14 0 
e 18 22 0 
e 19 14 0 
e 19 23 0 
e 22 18 0 
e 22 23 0 
e 23 36 0 
e 23 37 0 
e 23 19 0 
e 23 22 0 
t # 76# (1, 1960, 1)
v 0 0
v 1 100
v 2 0
v 3 1
v 4 1
v 5 0
v 6 0
v 7 0
v 8 0
v 9 1
v 10 3
v 11 3
v 12 3
e 0 1 0 
e 0 2 0 
e 0 3 0 
e 1 0 0 
e 1 4 0 
e 1 10 0 
e 1 11 0 
e 2 0 0 
e 2 5 0 
e 2 12 0 
e 3 0 0 
e 3 6 0 
e 4 1 0 
e 4 7 0 
e 5 2 0 
e 5 6 0 
e 6 3 0 
e 6 5 0 
e 7 4 0 
e 7 8 0 
e 7 9 0 
e 8 7 0 
e 9 7 0 
e 10 1 0 
e 11 1 0 
e 12 2 0 
t # 77# (0, 2017, 11)
v 32 3
v 1 0
v 34 3
v 33 3
v 4 0
v 0 0
v 5 0
v 6 0
v 10 0
v 11 100
v 13 4
v 18 0
v 19 1
v 20 0
v 24 3
v 25 3
e 32 18 0 
e 1 0 0 
e 1 4 0 
e 1 5 0 
e 34 19 0 
e 33 18 0 
e 4 1 0 
e 4 10 0 
e 4 11 0 
e 0 1 0 
e 5 1 0 
e 5 13 0 
e 6 10 0 
e 10 4 0 
e 10 6 0 
e 10 24 0 
e 11 4 0 
e 11 18 0 
e 11 19 0 
e 11 25 0 
e 13 5 0 
e 13 18 0 
e 13 20 0 
e 18 32 0 
e 18 33 0 
e 18 11 0 
e 18 13 0 
e 19 34 0 
e 19 11 0 
e 20 13 0 
e 24 10 0 
e 25 11 0 
t # 78# (0, 2017, 15)
v 0 0
v 2 0
v 6 0
v 7 1
v 10 0
v 14 1
v 15 100
v 28 3
v 29 3
e 0 2 0 
e 2 0 0 
e 2 6 0 
e 2 7 0 
e 6 2 0 
e 6 10 0 
e 6 14 0 
e 7 2 0 
e 7 15 0 
e 10 6 0 
e 14 6 0 
e 14 15 0 
e 15 7 0 
e 15 14 0 
e 15 28 0 
e 15 29 0 
e 28 15 0 
e 29 15 0 
t # 79# (0, 2071, 3)
v 0 0
v 1 0
v 2 0
v 3 100
v 4 1
v 5 1
v 6 0
v 7 1
v 8 0
v 9 0
v 57 3
v 58 3
v 59 3
e 0 1 0 
e 0 2 0 
e 0 3 0 
e 0 4 0 
e 1 0 0 
e 1 5 0 
e 1 6 0 
e 1 7 0 
e 2 0 0 
e 2 8 0 
e 2 9 0 
e 2 57 0 
e 3 0 0 
e 3 4 0 
e 3 58 0 
e 3 59 0 
e 4 0 0 
e 4 3 0 
e 5 1 0 
e 5 8 0 
e 6 1 0 
e 7 1 0 
e 8 2 0 
e 8 5 0 
e 9 2 0 
e 57 2 0 
e 58 3 0 
e 59 3 0 
t # 80# (0, 2071, 36)
v 25 0
v 27 0
v 28 1
v 31 0
v 32 1
v 33 0
v 36 100
v 37 1
v 39 0
v 41 1
v 42 0
v 80 3
v 83 3
v 84 3
v 87 3
v 89 3
v 90 3
v 91 3
v 93 3
e 25 27 0 
e 25 28 0 
e 27 25 0 
e 27 31 0 
e 27 32 0 
e 27 80 0 
e 28 25 0 
e 28 33 0 
e 31 27 0 
e 31 36 0 
e 31 37 0 
e 31 83 0 
e 32 27 0 
e 33 28 0 
e 33 36 0 
e 33 39 0 
e 33 84 0 
e 36 31 0 
e 36 33 0 
e 36 41 0 
e 36 87 0 
e 37 31 0 
e 37 42 0 
e 39 33 0 
e 39 89 0 
e 39 90 0 
e 39 91 0 
e 41 36 0 
e 41 93 0 
e 42 37 0 
e 80 27 0 
e 83 31 0 
e 84 33 0 
e 87 36 0 
e 89 39 0 
e 90 39 0 
e 91 39 0 
e 93 41 0 
t # 81# (1, 2092, 7)
v 0 0
v 1 0
v 2 0
v 3 1
v 7 100
v 9 0
v 11 1
v 12 1
v 20 3
v 21 3
v 22 3
e 0 1 0 
e 0 2 0 
e 0 3 0 
e 1 0 0 
e 2 0 0 
e 3 0 0 
e 3 7 0 
e 7 3 0 
e 7 9 0 
e 7 20 0 
e 7 21 0 
e 9 7 0 
e 9 11 0 
e 9 12 0 
e 11 9 0 
e 11 22 0 
e 12 9 0 
e 20 7 0 
e 21 7 0 
e 22 11 0 
t # 82# (0, 2155, 38)
v 37 1
v 38 100
v 10 0
v 76 3
v 77 3
v 19 0
v 20 0
v 28 0
v 29 1
e 37 28 0 
e 37 38 0 
e 38 37 0 
e 38 29 0 
e 38 76 0 
e 38 77 0 
e 10 19 0 
e 76 38 0 
e 77 38 0 
e 19 10 0 
e 19 28 0 
e 19 29 0 
e 20 28 0 
e 28 37 0 
e 28 19 0 
e 28 20 0 
e 29 38 0 
e 29 19 0 
t # 83# (1, 2175, 10)
v 0 0
v 1 0
v 3 0
v 5 1
v 7 0
v 10 100
v 13 0
v 14 0
v 15 1
v 19 3
v 20 3
v 22 3
v 25 3
v 26 3
v 27 3
v 28 3
v 29 3
v 30 3
v 31 3
e 0 1 0 
e 0 3 0 
e 1 0 0 
e 1 5 0 
e 3 0 0 
e 3 7 0 
e 3 19 0 
e 3 20 0 
e 5 1 0 
e 5 7 0 
e 7 3 0 
e 7 5 0 
e 7 10 0 
e 7 22 0 
e 10 7 0 
e 10 13 0 
e 10 14 0 
e 10 15 0 
e 13 10 0 
e 13 25 0 
e 13 26 0 
e 13 27 0 
e 14 10 0 
e 14 28 0 
e 14 29 0 
e 14 30 0 
e 15 10 0 
e 15 31 0 
e 19 3 0 
e 20 3 0 
e 22 7 0 
e 25 13 0 
e 26 13 0 
e 27 13 0 
e 28 14 0 
e 29 14 0 
e 30 14 0 
e 31 15 0 
t # 84# (1, 2187, 4)
v 0 4
v 1 0
v 2 0
v 3 0
v 4 100
v 5 1
v 39 3
v 9 0
v 10 1
v 41 3
v 11 0
v 42 3
v 14 1
v 43 3
v 15 0
v 44 3
v 18 8
e 0 1 0 
e 0 2 0 
e 0 3 0 
e 1 0 0 
e 1 4 0 
e 1 5 0 
e 1 39 0 
e 2 0 0 
e 3 0 0 
e 4 1 0 
e 4 9 0 
e 4 10 0 
e 4 41 0 
e 5 1 0 
e 5 11 0 
e 39 1 0 
e 9 4 0 
e 9 11 0 
e 9 14 0 
e 9 42 0 
e 10 4 0 
e 10 43 0 
e 41 4 0 
e 11 5 0 
e 11 9 0 
e 11 15 0 
e 11 44 0 
e 42 9 0 
e 14 9 0 
e 14 18 0 
e 43 10 0 
e 15 11 0 
e 44 11 0 
e 18 14 0 
t # 85# (0, 2192, 17)
v 33 3
v 34 3
v 2 0
v 5 0
v 10 0
v 11 1
v 12 0
v 16 1
v 17 100
e 33 17 0 
e 34 17 0 
e 2 5 0 
e 5 2 0 
e 5 10 0 
e 5 11 0 
e 10 5 0 
e 10 12 0 
e 10 16 0 
e 11 5 0 
e 11 17 0 
e 12 10 0 
e 16 10 0 
e 16 17 0 
e 17 33 0 
e 17 34 0 
e 17 11 0 
e 17 16 0 
t # 86# (0, 2236, 15)
v 32 3
v 0 0
v 2 0
v 6 0
v 7 0
v 9 0
v 14 0
v 15 100
v 17 0
v 18 1
v 26 3
v 27 3
v 29 3
v 30 3
v 31 3
e 32 18 0 
e 0 2 0 
e 2 0 0 
e 2 6 0 
e 2 7 0 
e 6 2 0 
e 6 14 0 
e 6 15 0 
e 7 2 0 
e 9 14 0 
e 14 6 0 
e 14 9 0 
e 14 26 0 
e 15 6 0 
e 15 17 0 
e 15 18 0 
e 15 27 0 
e 17 15 0 
e 17 29 0 
e 17 30 0 
e 17 31 0 
e 18 32 0 
e 18 15 0 
e 26 14 0 
e 27 15 0 
e 29 17 0 
e 30 17 0 
e 31 17 0 
t # 87# (0, 2244, 12)
v 0 4
v 2 0
v 6 1
v 7 0
v 11 0
v 12 100
v 13 1
v 16 0
v 17 1
v 18 1
v 19 3
v 23 3
v 24 3
v 28 3
v 29 3
v 30 3
e 0 2 0 
e 2 0 0 
e 2 6 0 
e 2 7 0 
e 2 19 0 
e 6 2 0 
e 6 11 0 
e 7 2 0 
e 7 12 0 
e 7 13 0 
e 11 6 0 
e 11 12 0 
e 11 16 0 
e 11 23 0 
e 12 7 0 
e 12 11 0 
e 12 17 0 
e 12 24 0 
e 13 7 0 
e 16 11 0 
e 16 18 0 
e 16 28 0 
e 16 29 0 
e 17 12 0 
e 17 30 0 
e 18 16 0 
e 19 2 0 
e 23 11 0 
e 24 12 0 
e 28 16 0 
e 29 16 0 
e 30 17 0 
t # 88# (1, 2246, 15)
v 4 0
v 8 0
v 9 0
v 13 1
v 15 100
v 16 0
v 17 1
v 18 1
v 28 3
v 29 3
v 30 3
e 4 9 0 
e 8 9 0 
e 9 4 0 
e 9 8 0 
e 9 13 0 
e 13 9 0 
e 13 15 0 
e 15 13 0 
e 15 16 0 
e 15 28 0 
e 15 29 0 
e 16 15 0 
e 16 17 0 
e 16 18 0 
e 17 16 0 
e 17 30 0 
e 18 16 0 
e 28 15 0 
e 29 15 0 
e 30 17 0 
t # 89# (1, 2270, 6)
v 0 0
v 1 0
v 2 1
v 3 0
v 6 100
v 9 0
v 11 1
v 12 1
v 13 0
v 18 3
v 19 3
e 0 1 0 
e 0 2 0 
e 0 3 0 
e 1 0 0 
e 2 0 0 
e 2 6 0 
e 3 0 0 
e 6 2 0 
e 6 9 0 
e 6 18 0 
e 6 19 0 
e 9 6 0 
e 9 11 0 
e 9 12 0 
e 11 9 0 
e 11 13 0 
e 12 9 0 
e 13 11 0 
e 18 6 0 
e 19 6 0 
t # 90# (0, 2393, 5)
v 0 0
v 1 0
v 2 4
v 3 1
v 4 1
v 5 100
v 6 0
v 8 0
v 9 1
v 12 0
v 14 1
v 16 3
v 17 3
v 18 3
v 20 3
v 21 3
v 23 3
v 24 3
e 0 1 0 
e 0 2 0 
e 0 3 0 
e 0 16 0 
e 1 0 0 
e 1 4 0 
e 1 5 0 
e 1 17 0 
e 2 0 0 
e 2 6 0 
e 3 0 0 
e 3 8 0 
e 4 1 0 
e 4 6 0 
e 5 1 0 
e 5 8 0 
e 5 9 0 
e 5 18 0 
e 6 2 0 
e 6 4 0 
e 8 3 0 
e 8 5 0 
e 8 12 0 
e 8 20 0 
e 9 5 0 
e 9 21 0 
e 12 8 0 
e 12 14 0 
e 12 23 0 
e 12 24 0 
e 14 12 0 
e 16 0 0 
e 17 1 0 
e 18 5 0 
e 20 8 0 
e 21 9 0 
e 23 12 0 
e 24 12 0 
t # 91# (1, 2442, 3)
v 0 0
v 1 0
v 2 0
v 3 100
v 4 0
v 5 1
v 6 0
v 7 1
v 11 0
v 16 0
v 17 1
v 18 3
v 19 3
v 20 3
e 0 1 0 
e 0 2 0 
e 0 3 0 
e 1 0 0 
e 1 4 0 
e 1 5 0 
e 2 0 0 
e 2 6 0 
e 2 18 0 
e 3 0 0 
e 3 7 0 
e 3 19 0 
e 3 20 0 
e 4 1 0 
e 5 1 0 
e 6 2 0 
e 7 3 0 
e 7 11 0 
e 11 7 0 
e 11 16 0 
e 11 17 0 
e 16 11 0 
e 17 11 0 
e 18 2 0 
e 19 3 0 
e 20 3 0 
t # 92# (0, 2444, 3)
v 0 0
v 1 0
v 2 0
v 3 100
v 4 1
v 5 0
v 6 0
v 7 0
v 8 1
v 9 0
v 21 3
v 22 3
v 23 3
e 0 1 0 
e 0 2 0 
e 0 3 0 
e 0 4 0 
e 1 0 0 
e 1 5 0 
e 1 6 0 
e 1 7 0 
e 2 0 0 
e 2 8 0 
e 2 9 0 
e 2 21 0 
e 3 0 0 
e 3 4 0 
e 3 22 0 
e 3 23 0 
e 4 0 0 
e 4 3 0 
e 5 1 0 
e 6 1 0 
e 6 9 0 
e 7 1 0 
e 8 2 0 
e 9 2 0 
e 9 6 0 
e 21 2 0 
e 22 3 0 
e 23 3 0 
t # 93# (0, 2444, 9)
v 0 0
v 1 0
v 2 0
v 3 0
v 34 3
v 4 1
v 6 0
v 5 0
v 8 1
v 9 100
v 7 0
v 10 0
v 13 1
v 21 3
v 24 3
v 25 3
v 29 3
e 0 1 0 
e 0 2 0 
e 0 3 0 
e 0 4 0 
e 1 0 0 
e 1 5 0 
e 1 6 0 
e 1 7 0 
e 2 0 0 
e 2 8 0 
e 2 9 0 
e 2 21 0 
e 3 0 0 
e 3 4 0 
e 34 13 0 
e 4 0 0 
e 4 3 0 
e 6 1 0 
e 6 9 0 
e 6 24 0 
e 6 25 0 
e 5 1 0 
e 5 10 0 
e 8 2 0 
e 8 10 0 
e 9 2 0 
e 9 6 0 
e 9 13 0 
e 9 29 0 
e 7 1 0 
e 10 5 0 
e 10 8 0 
e 13 34 0 
e 13 9 0 
e 21 2 0 
e 24 6 0 
e 25 6 0 
e 29 9 0 
t # 94# (1, 2451, 18)
v 13 0
v 46 3
v 14 4
v 16 0
v 48 3
v 18 100
v 47 3
v 52 3
v 45 3
v 22 0
v 23 1
v 24 0
v 25 0
v 26 0
v 27 0
v 53 3
v 54 3
e 13 14 0 
e 46 16 0 
e 14 13 0 
e 14 16 0 
e 14 45 0 
e 16 46 0 
e 16 14 0 
e 16 18 0 
e 16 47 0 
e 48 18 0 
e 18 16 0 
e 18 48 0 
e 18 22 0 
e 18 23 0 
e 47 16 0 
e 52 23 0 
e 45 14 0 
e 22 18 0 
e 22 24 0 
e 22 25 0 
e 23 18 0 
e 23 52 0 
e 24 22 0 
e 24 26 0 
e 24 53 0 
e 25 22 0 
e 25 27 0 
e 25 54 0 
e 26 24 0 
e 27 25 0 
e 53 24 0 
e 54 25 0 
t # 95# (0, 2533, 15)
v 0 0
v 2 0
v 6 0
v 7 1
v 12 0
v 14 1
v 15 100
v 28 3
v 29 3
e 0 2 0 
e 2 0 0 
e 2 6 0 
e 2 7 0 
e 6 2 0 
e 6 12 0 
e 6 14 0 
e 7 2 0 
e 7 15 0 
e 12 6 0 
e 14 6 0 
e 14 15 0 
e 15 7 0 
e 15 14 0 
e 15 28 0 
e 15 29 0 
e 28 15 0 
e 29 15 0 
t # 96# (1, 2573, 11)
v 2 0
v 6 0
v 8 0
v 10 1
v 11 100
v 12 0
v 13 1
v 14 1
v 22 3
v 23 3
v 24 3
e 2 6 0 
e 6 2 0 
e 6 8 0 
e 6 10 0 
e 8 6 0 
e 10 6 0 
e 10 11 0 
e 11 10 0 
e 11 12 0 
e 11 22 0 
e 11 23 0 
e 12 11 0 
e 12 13 0 
e 12 14 0 
e 13 12 0 
e 13 24 0 
e 14 12 0 
e 22 11 0 
e 23 11 0 
e 24 13 0 
t # 97# (0, 2606, 2)
v 0 0
v 1 0
v 2 100
v 3 1
v 4 0
v 5 0
v 6 0
v 13 3
v 14 3
v 15 3
v 16 3
v 17 3
e 0 1 0 
e 0 2 0 
e 0 3 0 
e 0 4 0 
e 1 0 0 
e 1 5 0 
e 1 6 0 
e 2 0 0 
e 2 3 0 
e 2 13 0 
e 2 14 0 
e 3 0 0 
e 3 2 0 
e 4 0 0 
e 4 15 0 
e 4 16 0 
e 4 17 0 
e 5 1 0 
e 6 1 0 
e 13 2 0 
e 14 2 0 
e 15 4 0 
e 16 4 0 
e 17 4 0 
t # 98# (1, 2647, 10)
v 0 0
v 1 0
v 2 0
v 3 0
v 4 0
v 9 0
v 10 100
v 11 0
v 12 1
v 13 0
v 19 0
v 20 1
v 21 1
v 62 3
v 64 3
v 67 3
v 68 3
v 69 3
v 70 3
v 71 3
v 72 3
v 77 3
e 0 1 0 
e 0 2 0 
e 0 3 0 
e 0 62 0 
e 1 0 0 
e 1 4 0 
e 2 0 0 
e 3 0 0 
e 3 9 0 
e 3 10 0 
e 3 11 0 
e 4 1 0 
e 4 12 0 
e 4 13 0 
e 4 64 0 
e 9 3 0 
e 9 19 0 
e 9 20 0 
e 10 3 0 
e 10 13 0 
e 10 21 0 
e 10 67 0 
e 11 3 0 
e 11 68 0 
e 11 69 0 
e 11 70 0 
e 12 4 0 
e 13 4 0 
e 13 10 0 
e 13 71 0 
e 13 72 0 
e 19 9 0 
e 20 9 0 
e 21 10 0 
e 21 77 0 
e 62 0 0 
e 64 4 0 
e 67 10 0 
e 68 11 0 
e 69 11 0 
e 70 11 0 
e 71 13 0 
e 72 13 0 
e 77 21 0 
t # 99# (1, 2666, 15)
v 3 0
v 7 0
v 10 0
v 12 1
v 15 100
v 18 0
v 20 1
v 21 1
v 22 0
v 30 3
v 31 3
e 3 7 0 
e 7 3 0 
e 7 10 0 
e 7 12 0 
e 10 7 0 
e 12 7 0 
e 12 15 0 
e 15 12 0 
e 15 18 0 
e 15 30 0 
e 15 31 0 
e 18 15 0 
e 18 20 0 
e 18 21 0 
e 20 18 0 
e 20 22 0 
e 21 18 0 
e 22 20 0 
e 30 15 0 
e 31 15 0 
t # 100# (0, 2750, 2)
v 0 0
v 1 0
v 2 100
v 3 0
v 4 0
v 5 0
v 6 1
v 7 0
v 8 1
v 9 0
v 10 4
v 11 0
v 15 0
v 19 0
v 21 0
v 22 0
v 23 1
v 34 3
v 35 3
v 36 3
v 38 3
v 39 3
e 0 1 0 
e 0 2 0 
e 0 3 0 
e 0 34 0 
e 1 0 0 
e 1 4 0 
e 1 5 0 
e 1 6 0 
e 2 0 0 
e 2 7 0 
e 2 8 0 
e 2 35 0 
e 3 0 0 
e 3 9 0 
e 3 10 0 
e 3 36 0 
e 4 1 0 
e 4 11 0 
e 5 1 0 
e 6 1 0 
e 7 2 0 
e 7 11 0 
e 7 15 0 
e 7 38 0 
e 8 2 0 
e 8 39 0 
e 9 3 0 
e 10 3 0 
e 11 4 0 
e 11 7 0 
e 11 19 0 
e 15 7 0 
e 15 21 0 
e 15 22 0 
e 15 23 0 
e 19 11 0 
e 21 15 0 
e 22 15 0 
e 23 15 0 
e 34 0 0 
e 35 2 0 
e 36 3 0 
e 38 7 0 
e 39 8 0 
t # 101# (1, 2809, 7)
v 0 0
v 1 0
v 2 0
v 3 1
v 4 0
v 5 1
v 7 100
v 26 3
v 27 3
e 0 1 0 
e 0 2 0 
e 0 3 0 
e 1 0 0 
e 1 4 0 
e 1 5 0 
e 2 0 0 
e 3 0 0 
e 3 7 0 
e 4 1 0 
e 5 1 0 
e 5 7 0 
e 7 3 0 
e 7 5 0 
e 7 26 0 
e 7 27 0 
e 26 7 0 
e 27 7 0 
t # 102# (1, 2835, 12)
v 1 0
v 4 0
v 37 3
v 38 3
v 36 3
v 8 1
v 9 1
v 12 100
v 13 0
v 14 1
v 15 0
v 16 0
v 17 0
e 1 4 0 
e 4 1 0 
e 4 8 0 
e 4 9 0 
e 37 12 0 
e 38 15 0 
e 36 12 0 
e 8 4 0 
e 8 12 0 
e 9 4 0 
e 12 37 0 
e 12 36 0 
e 12 8 0 
e 12 13 0 
e 13 12 0 
e 13 14 0 
e 13 15 0 
e 14 13 0 
e 14 16 0 
e 15 38 0 
e 15 13 0 
e 15 17 0 
e 16 14 0 
e 16 17 0 
e 17 15 0 
e 17 16 0 
t # 103# (1, 2841, 15)
v 0 0
v 2 0
v 3 1
v 4 0
v 7 0
v 8 0
v 9 0
v 10 0
v 15 100
v 16 0
v 17 1
v 22 1
v 26 3
v 27 3
v 31 3
v 38 3
v 39 3
v 40 3
v 41 3
v 43 3
e 0 2 0 
e 0 3 0 
e 0 4 0 
e 2 0 0 
e 2 7 0 
e 2 8 0 
e 2 26 0 
e 3 0 0 
e 3 9 0 
e 4 0 0 
e 4 10 0 
e 4 27 0 
e 7 2 0 
e 8 2 0 
e 8 9 0 
e 8 15 0 
e 8 16 0 
e 9 3 0 
e 9 8 0 
e 9 17 0 
e 10 4 0 
e 10 15 0 
e 10 31 0 
e 15 8 0 
e 15 10 0 
e 15 22 0 
e 15 38 0 
e 16 8 0 
e 16 39 0 
e 16 40 0 
e 16 41 0 
e 17 9 0 
e 22 15 0 
e 22 43 0 
e 26 2 0 
e 27 4 0 
e 31 10 0 
e 38 15 0 
e 39 16 0 
e 40 16 0 
e 41 16 0 
e 43 22 0 
t # 104# (0, 2856, 1)
v 0 0
v 1 100
v 2 4
v 3 0
v 4 0
v 5 1
v 6 0
v 7 1
v 8 0
v 9 0
v 13 0
v 14 0
v 28 3
v 29 3
v 30 3
v 31 3
v 32 3
v 33 3
v 34 3
v 35 3
e 0 1 0 
e 0 2 0 
e 0 3 0 
e 0 28 0 
e 1 0 0 
e 1 4 0 
e 1 5 0 
e 1 29 0 
e 2 0 0 
e 2 6 0 
e 2 30 0 
e 3 0 0 
e 3 7 0 
e 3 31 0 
e 3 32 0 
e 4 1 0 
e 4 8 0 
e 4 9 0 
e 5 1 0 
e 5 33 0 
e 6 2 0 
e 7 3 0 
e 8 4 0 
e 8 13 0 
e 8 34 0 
e 9 4 0 
e 9 14 0 
e 9 35 0 
e 13 8 0 
e 14 9 0 
e 28 0 0 
e 29 1 0 
e 30 2 0 
e 31 3 0 
e 32 3 0 
e 33 5 0 
e 34 8 0 
e 35 9 0 
t # 105# (1, 2857, 15)
v 2 0
v 7 0
v 43 3
v 12 1
v 44 3
v 13 1
v 15 100
v 18 0
v 21 1
v 22 0
v 25 0
v 26 1
v 27 0
e 2 7 0 
e 7 2 0 
e 7 12 0 
e 7 13 0 
e 43 15 0 
e 12 7 0 
e 12 15 0 
e 44 15 0 
e 13 7 0 
e 15 43 0 
e 15 12 0 
e 15 44 0 
e 15 18 0 
e 18 15 0 
e 18 21 0 
e 18 22 0 
e 21 18 0 
e 21 25 0 
e 22 18 0 
e 22 26 0 
e 22 27 0 
e 25 21 0 
e 25 26 0 
e 26 22 0 
e 26 25 0 
e 27 22 0 
t # 106# (0, 2884, 17)
v 32 3
v 0 0
v 3 0
v 8 0
v 9 1
v 12 0
v 16 1
v 17 100
v 31 3
e 32 17 0 
e 0 3 0 
e 3 0 0 
e 3 8 0 
e 3 9 0 
e 8 3 0 
e 8 12 0 
e 8 16 0 
e 9 3 0 
e 9 17 0 
e 12 8 0 
e 16 8 0 
e 16 17 0 
e 17 32 0 
e 17 9 0 
e 17 16 0 
e 17 31 0 
e 31 17 0 
t # 107# (0, 2907, 17)
v 0 0
v 3 0
v 8 0
v 9 1
v 12 0
v 16 1
v 17 100
v 28 3
v 29 3
e 0 3 0 
e 3 0 0 
e 3 8 0 
e 3 9 0 
e 8 3 0 
e 8 12 0 
e 8 16 0 
e 9 3 0 
e 9 17 0 
e 12 8 0 
e 16 8 0 
e 16 17 0 
e 17 9 0 
e 17 16 0 
e 17 28 0 
e 17 29 0 
e 28 17 0 
e 29 17 0 
t # 108# (1, 2927, 16)
v 3 0
v 4 0
v 8 0
v 9 0
v 13 1
v 14 1
v 16 100
v 27 3
v 28 3
e 3 8 0 
e 4 9 0 
e 8 3 0 
e 8 9 0 
e 8 13 0 
e 9 4 0 
e 9 8 0 
e 9 14 0 
e 13 8 0 
e 13 16 0 
e 14 9 0 
e 14 16 0 
e 16 13 0 
e 16 14 0 
e 16 27 0 
e 16 28 0 
e 27 16 0 
e 28 16 0 
t # 109# (1, 2990, 4)
v 0 0
v 1 1
v 2 0
v 3 0
v 4 100
v 7 0
v 9 1
v 10 1
v 13 3
v 14 3
v 18 3
e 0 1 0 
e 0 2 0 
e 0 3 0 
e 1 0 0 
e 1 4 0 
e 2 0 0 
e 3 0 0 
e 4 1 0 
e 4 7 0 
e 4 13 0 
e 4 14 0 
e 7 4 0 
e 7 9 0 
e 7 10 0 
e 9 7 0 
e 9 18 0 
e 10 7 0 
e 13 4 0 
e 14 4 0 
e 18 9 0 
t # 110# (0, 3016, 23)
v 69 3
v 70 3
v 19 0
v 21 1
v 22 0
v 23 100
v 24 1
v 25 1
v 26 0
v 27 0
v 28 0
e 69 23 0 
e 70 23 0 
e 19 21 0 
e 21 19 0 
e 21 22 0 
e 22 21 0 
e 22 23 0 
e 22 24 0 
e 23 69 0 
e 23 70 0 
e 23 22 0 
e 23 25 0 
e 24 22 0 
e 25 23 0 
e 25 26 0 
e 26 25 0 
e 26 27 0 
e 26 28 0 
e 27 26 0 
e 28 26 0 
t # 111# (0, 3029, 4)
v 0 0
v 1 0
v 2 0
v 3 1
v 4 100
v 5 1
v 6 0
v 8 0
v 9 1
v 13 3
v 14 3
v 16 3
v 19 3
v 20 3
v 21 3
e 0 1 0 
e 0 2 0 
e 0 3 0 
e 0 13 0 
e 1 0 0 
e 1 4 0 
e 1 5 0 
e 1 14 0 
e 2 0 0 
e 2 6 0 
e 3 0 0 
e 3 8 0 
e 4 1 0 
e 4 8 0 
e 4 9 0 
e 4 16 0 
e 5 1 0 
e 5 6 0 
e 6 2 0 
e 6 5 0 
e 8 3 0 
e 8 4 0 
e 8 19 0 
e 8 20 0 
e 9 4 0 
e 9 21 0 
e 13 0 0 
e 14 1 0 
e 16 4 0 
e 19 8 0 
e 20 8 0 
e 21 9 0 
t # 112# (1, 3039, 3)
v 0 0
v 1 1
v 2 0
v 3 100
v 32 3
v 33 3
v 34 3
v 7 0
v 8 1
v 4 0
v 5 0
v 11 1
v 6 1
v 12 0
v 29 3
v 30 3
e 0 1 0 
e 0 2 0 
e 0 3 0 
e 0 29 0 
e 1 0 0 
e 1 4 0 
e 2 0 0 
e 2 5 0 
e 2 6 0 
e 3 0 0 
e 3 7 0 
e 3 8 0 
e 3 30 0 
e 32 7 0 
e 33 7 0 
e 34 8 0 
e 7 3 0 
e 7 32 0 
e 7 33 0 
e 7 11 0 
e 8 3 0 
e 8 34 0 
e 4 1 0 
e 4 5 0 
e 5 2 0 
e 5 4 0 
e 11 7 0 
e 11 12 0 
e 6 2 0 
e 12 11 0 
e 29 0 0 
e 30 3 0 
t # 113# (0, 3070, 14)
v 32 3
v 0 0
v 2 0
v 6 0
v 7 0
v 8 0
v 13 0
v 14 100
v 19 0
v 20 0
v 21 1
v 23 1
v 28 3
v 30 3
v 31 3
e 32 21 0 
e 0 2 0 
e 2 0 0 
e 2 6 0 
e 2 7 0 
e 6 2 0 
e 6 13 0 
e 6 14 0 
e 7 2 0 
e 8 13 0 
e 13 6 0 
e 13 8 0 
e 13 19 0 
e 14 6 0 
e 14 20 0 
e 14 21 0 
e 14 28 0 
e 19 13 0 
e 19 20 0 
e 19 23 0 
e 20 14 0 
e 20 19 0 
e 20 30 0 
e 20 31 0 
e 21 32 0 
e 21 14 0 
e 23 19 0 
e 28 14 0 
e 30 20 0 
e 31 20 0 
t # 114# (1, 3083, 3)
v 0 0
v 1 0
v 2 1
v 3 100
v 4 0
v 5 0
v 6 0
v 7 0
v 8 0
v 9 1
v 14 0
v 21 0
v 22 0
v 71 3
v 72 3
v 78 3
v 79 3
v 80 3
v 81 3
v 82 3
v 83 3
v 86 3
e 0 1 0 
e 0 2 0 
e 0 3 0 
e 0 71 0 
e 1 0 0 
e 1 4 0 
e 1 5 0 
e 1 72 0 
e 2 0 0 
e 2 6 0 
e 3 0 0 
e 3 7 0 
e 3 8 0 
e 3 9 0 
e 4 1 0 
e 5 1 0 
e 6 2 0 
e 7 3 0 
e 7 14 0 
e 7 78 0 
e 7 79 0 
e 8 3 0 
e 8 80 0 
e 8 81 0 
e 8 82 0 
e 9 3 0 
e 9 83 0 
e 14 7 0 
e 14 21 0 
e 14 22 0 
e 14 86 0 
e 21 14 0 
e 22 14 0 
e 71 0 0 
e 72 1 0 
e 78 7 0 
e 79 7 0 
e 80 8 0 
e 81 8 0 
e 82 8 0 
e 83 9 0 
e 86 14 0 
t # 115# (1, 3083, 12)
v 0 0
v 2 1
v 35 0
v 36 0
v 6 0
v 91 3
v 12 100
v 13 1
v 77 3
v 92 3
v 18 0
v 19 1
v 20 0
v 85 3
v 27 0
v 28 4
e 0 2 0 
e 2 0 0 
e 2 6 0 
e 35 28 0 
e 36 28 0 
e 6 2 0 
e 6 12 0 
e 6 13 0 
e 6 77 0 
e 91 18 0 
e 12 6 0 
e 12 18 0 
e 12 19 0 
e 12 85 0 
e 13 6 0 
e 13 20 0 
e 77 6 0 
e 92 19 0 
e 18 91 0 
e 18 12 0 
e 18 27 0 
e 18 28 0 
e 19 12 0 
e 19 92 0 
e 20 13 0 
e 20 27 0 
e 85 12 0 
e 27 18 0 
e 27 20 0 
e 28 35 0 
e 28 36 0 
e 28 18 0 
t # 116# (1, 3097, 3)
v 0 0
v 33 3
v 32 3
v 3 100
v 4 1
v 1 0
v 2 0
v 5 0
v 6 0
v 7 0
v 8 1
v 30 3
v 31 3
e 0 1 0 
e 0 2 0 
e 0 3 0 
e 0 4 0 
e 33 3 0 
e 32 3 0 
e 3 0 0 
e 3 33 0 
e 3 32 0 
e 3 4 0 
e 4 0 0 
e 4 3 0 
e 1 0 0 
e 1 5 0 
e 1 6 0 
e 1 30 0 
e 2 0 0 
e 2 7 0 
e 2 8 0 
e 2 31 0 
e 5 1 0 
e 5 7 0 
e 6 1 0 
e 7 2 0 
e 7 5 0 
e 8 2 0 
e 30 1 0 
e 31 2 0 
t # 117# (1, 3184, 6)
v 0 0
v 1 0
v 2 1
v 3 0
v 4 0
v 5 1
v 6 100
v 12 3
v 13 3
e 0 1 0 
e 0 2 0 
e 0 3 0 
e 1 0 0 
e 1 4 0 
e 1 5 0 
e 2 0 0 
e 2 6 0 
e 3 0 0 
e 4 1 0 
e 5 1 0 
e 5 6 0 
e 6 2 0 
e 6 5 0 
e 6 12 0 
e 6 13 0 
e 12 6 0 
e 13 6 0 
t # 118# (0, 3190, 15)
v 0 0
v 2 0
v 6 0
v 7 1
v 10 0
v 14 1
v 15 100
v 26 3
v 27 3
e 0 2 0 
e 2 0 0 
e 2 6 0 
e 2 7 0 
e 6 2 0 
e 6 10 0 
e 6 14 0 
e 7 2 0 
e 7 15 0 
e 10 6 0 
e 14 6 0 
e 14 15 0 
e 15 7 0 
e 15 14 0 
e 15 26 0 
e 15 27 0 
e 26 15 0 
e 27 15 0 
t # 119# (1, 3225, 2)
v 0 0
v 1 0
v 2 100
v 3 1
v 4 0
v 5 0
v 6 0
v 16 3
v 17 3
v 18 3
v 19 3
v 20 3
e 0 1 0 
e 0 2 0 
e 0 3 0 
e 0 4 0 
e 1 0 0 
e 1 5 0 
e 1 6 0 
e 2 0 0 
e 2 3 0 
e 2 16 0 
e 2 17 0 
e 3 0 0 
e 3 2 0 
e 4 0 0 
e 4 18 0 
e 4 19 0 
e 4 20 0 
e 5 1 0 
e 6 1 0 
e 16 2 0 
e 17 2 0 
e 18 4 0 
e 19 4 0 
e 20 4 0 
t # 120# (1, 3277, 3)
v 0 0
v 1 0
v 2 0
v 3 100
v 4 0
v 5 0
v 6 0
v 7 1
v 10 4
v 12 0
v 14 3
v 15 3
v 16 3
v 18 3
v 19 3
v 20 3
v 22 3
e 0 1 0 
e 0 2 0 
e 0 3 0 
e 1 0 0 
e 1 4 0 
e 1 14 0 
e 2 0 0 
e 2 5 0 
e 2 15 0 
e 3 0 0 
e 3 6 0 
e 3 7 0 
e 3 16 0 
e 4 1 0 
e 5 2 0 
e 6 3 0 
e 6 10 0 
e 6 18 0 
e 6 19 0 
e 7 3 0 
e 7 20 0 
e 10 6 0 
e 10 12 0 
e 10 22 0 
e 12 10 0 
e 14 1 0 
e 15 2 0 
e 16 3 0 
e 18 6 0 
e 19 6 0 
e 20 7 0 
e 22 10 0 
t # 121# (0, 3353, 6)
v 0 0
v 1 0
v 2 0
v 3 0
v 4 0
v 5 0
v 6 100
v 7 1
v 11 0
v 13 1
v 29 3
v 30 3
v 31 3
e 0 1 0 
e 0 2 0 
e 0 3 0 
e 0 4 0 
e 1 0 0 
e 1 5 0 
e 1 6 0 
e 1 7 0 
e 2 0 0 
e 3 0 0 
e 3 11 0 
e 4 0 0 
e 5 1 0 
e 5 11 0 
e 5 13 0 
e 5 29 0 
e 6 1 0 
e 6 7 0 
e 6 30 0 
e 6 31 0 
e 7 1 0 
e 7 6 0 
e 11 3 0 
e 11 5 0 
e 13 5 0 
e 29 5 0 
e 30 6 0 
e 31 6 0 
t # 122# (0, 3353, 11)
v 0 0
v 1 0
v 2 0
v 3 0
v 36 3
v 5 0
v 4 0
v 6 0
v 40 3
v 7 1
v 8 0
v 11 100
v 12 1
v 13 1
v 18 1
v 19 0
v 25 3
v 29 3
e 0 1 0 
e 0 2 0 
e 0 3 0 
e 0 4 0 
e 1 0 0 
e 1 5 0 
e 1 6 0 
e 1 7 0 
e 2 0 0 
e 2 8 0 
e 3 0 0 
e 3 11 0 
e 3 12 0 
e 3 25 0 
e 36 11 0 
e 5 1 0 
e 5 11 0 
e 5 13 0 
e 5 29 0 
e 4 0 0 
e 6 1 0 
e 6 7 0 
e 40 18 0 
e 7 1 0 
e 7 6 0 
e 8 2 0 
e 8 13 0 
e 11 3 0 
e 11 36 0 
e 11 5 0 
e 11 18 0 
e 12 3 0 
e 12 19 0 
e 13 5 0 
e 13 8 0 
e 18 40 0 
e 18 11 0 
e 19 12 0 
e 25 3 0 
e 29 5 0 
t # 123# (0, 3392, 4)
v 0 0
v 1 0
v 2 0
v 3 0
v 4 100
v 5 0
v 9 0
v 10 1
v 11 0
v 14 4
v 15 0
v 17 0
v 18 0
v 19 0
v 25 3
v 26 3
v 28 3
v 29 3
v 32 3
v 33 3
e 0 1 0 
e 0 2 0 
e 0 3 0 
e 1 0 0 
e 1 4 0 
e 1 5 0 
e 2 0 0 
e 3 0 0 
e 4 1 0 
e 4 9 0 
e 4 10 0 
e 4 25 0 
e 5 1 0 
e 5 11 0 
e 5 26 0 
e 9 4 0 
e 9 14 0 
e 9 15 0 
e 9 28 0 
e 10 4 0 
e 10 29 0 
e 11 5 0 
e 14 9 0 
e 14 17 0 
e 14 18 0 
e 15 9 0 
e 15 19 0 
e 15 32 0 
e 15 33 0 
e 17 14 0 
e 18 14 0 
e 19 15 0 
e 25 4 0 
e 26 5 0 
e 28 9 0 
e 29 10 0 
e 32 15 0 
e 33 15 0 
t # 124# (1, 3398, 3)
v 0 0
v 1 1
v 2 1
v 3 100
v 4 0
v 5 0
v 6 0
v 7 0
v 8 1
v 9 0
v 67 3
v 68 3
v 12 0
v 57 3
v 58 3
v 61 3
v 62 3
v 63 3
e 0 1 0 
e 0 2 0 
e 0 3 0 
e 0 4 0 
e 1 0 0 
e 1 5 0 
e 2 0 0 
e 2 6 0 
e 3 0 0 
e 3 7 0 
e 3 8 0 
e 3 57 0 
e 4 0 0 
e 4 9 0 
e 4 58 0 
e 5 1 0 
e 6 2 0 
e 6 12 0 
e 7 3 0 
e 7 12 0 
e 7 61 0 
e 7 62 0 
e 8 3 0 
e 8 63 0 
e 9 4 0 
e 67 12 0 
e 68 12 0 
e 12 6 0 
e 12 7 0 
e 12 67 0 
e 12 68 0 
e 57 3 0 
e 58 4 0 
e 61 7 0 
e 62 7 0 
e 63 8 0 
t # 125# (0, 3451, 16)
v 0 0
v 3 0
v 8 0
v 9 1
v 13 0
v 15 1
v 16 100
v 27 3
v 28 3
e 0 3 0 
e 3 0 0 
e 3 8 0 
e 3 9 0 
e 8 3 0 
e 8 13 0 
e 8 15 0 
e 9 3 0 
e 9 16 0 
e 13 8 0 
e 15 8 0 
e 15 16 0 
e 16 9 0 
e 16 15 0 
e 16 27 0 
e 16 28 0 
e 27 16 0 
e 28 16 0 
t # 126# (1, 3468, 3)
v 0 0
v 1 0
v 2 0
v 3 100
v 4 0
v 5 0
v 6 0
v 7 1
v 10 4
v 12 0
v 13 3
v 14 3
v 15 3
v 17 3
v 18 3
v 19 3
v 21 3
e 0 1 0 
e 0 2 0 
e 0 3 0 
e 1 0 0 
e 1 4 0 
e 1 13 0 
e 2 0 0 
e 2 5 0 
e 2 14 0 
e 3 0 0 
e 3 6 0 
e 3 7 0 
e 3 15 0 
e 4 1 0 
e 5 2 0 
e 6 3 0 
e 6 10 0 
e 6 17 0 
e 6 18 0 
e 7 3 0 
e 7 19 0 
e 10 6 0 
e 10 12 0 
e 10 21 0 
e 12 10 0 
e 13 1 0 
e 14 2 0 
e 15 3 0 
e 17 6 0 
e 18 6 0 
e 19 7 0 
e 21 10 0 
t # 127# (1, 3519, 2)
v 0 0
v 1 0
v 2 100
v 3 1
v 4 0
v 5 4
v 6 1
v 13 3
v 14 3
v 15 3
v 16 3
v 17 3
e 0 1 0 
e 0 2 0 
e 0 3 0 
e 0 4 0 
e 1 0 0 
e 1 5 0 
e 1 6 0 
e 2 0 0 
e 2 3 0 
e 2 13 0 
e 2 14 0 
e 3 0 0 
e 3 2 0 
e 4 0 0 
e 4 15 0 
e 4 16 0 
e 4 17 0 
e 5 1 0 
e 6 1 0 
e 13 2 0 
e 14 2 0 
e 15 4 0 
e 16 4 0 
e 17 4 0 
t # 128# (0, 3537, 0)
v 0 100
v 1 0
v 2 0
v 3 1
v 4 0
v 5 1
v 6 1
v 7 3
v 8 3
v 9 3
v 10 3
v 11 3
v 12 3
v 13 3
e 0 1 0 
e 0 2 0 
e 0 3 0 
e 0 7 0 
e 1 0 0 
e 1 4 0 
e 1 5 0 
e 1 8 0 
e 2 0 0 
e 2 3 0 
e 2 9 0 
e 2 10 0 
e 3 0 0 
e 3 2 0 
e 4 1 0 
e 4 6 0 
e 4 11 0 
e 4 12 0 
e 5 1 0 
e 5 13 0 
e 6 4 0 
e 7 0 0 
e 8 1 0 
e 9 2 0 
e 10 2 0 
e 11 4 0 
e 12 4 0 
e 13 5 0 
t # 129# (1, 3580, 7)
v 0 0
v 1 0
v 2 0
v 3 1
v 7 100
v 9 0
v 11 1
v 12 1
v 17 3
v 18 3
v 19 3
e 0 1 0 
e 0 2 0 
e 0 3 0 
e 1 0 0 
e 2 0 0 
e 3 0 0 
e 3 7 0 
e 7 3 0 
e 7 9 0 
e 7 17 0 
e 7 18 0 
e 9 7 0 
e 9 11 0 
e 9 12 0 
e 11 9 0 
e 12 9 0 
e 12 19 0 
e 17 7 0 
e 18 7 0 
e 19 12 0 
t # 130# (1, 3592, 2)
v 0 0
v 1 4
v 2 100
v 3 0
v 4 7
v 5 0
v 6 0
v 7 0
v 8 1
v 9 4
v 10 1
v 11 7
v 12 4
v 15 0
v 16 1
v 18 0
v 21 0
v 30 3
v 31 3
v 32 3
v 33 3
e 0 1 0 
e 0 2 0 
e 0 3 0 
e 0 4 0 
e 1 0 0 
e 1 5 0 
e 1 6 0 
e 2 0 0 
e 2 7 0 
e 2 8 0 
e 2 30 0 
e 3 0 0 
e 3 9 0 
e 3 10 0 
e 4 0 0 
e 4 11 0 
e 5 1 0 
e 5 7 0 
e 5 12 0 
e 5 31 0 
e 6 1 0 
e 7 2 0 
e 7 5 0 
e 7 15 0 
e 7 16 0 
e 8 2 0 
e 8 32 0 
e 9 3 0 
e 10 3 0 
e 11 4 0 
e 12 5 0 
e 12 18 0 
e 15 7 0 
e 15 18 0 
e 15 21 0 
e 16 7 0 
e 16 33 0 
e 18 12 0 
e 18 15 0 
e 21 15 0 
e 30 2 0 
e 31 5 0 
e 32 8 0 
e 33 16 0 
t # 131# (1, 3604, 7)
v 0 0
v 1 0
v 2 0
v 3 1
v 7 100
v 9 0
v 11 1
v 12 1
v 13 0
v 24 3
v 25 3
e 0 1 0 
e 0 2 0 
e 0 3 0 
e 1 0 0 
e 2 0 0 
e 3 0 0 
e 3 7 0 
e 7 3 0 
e 7 9 0 
e 7 24 0 
e 7 25 0 
e 9 7 0 
e 9 11 0 
e 9 12 0 
e 11 9 0 
e 11 13 0 
e 12 9 0 
e 13 11 0 
e 24 7 0 
e 25 7 0 
t # 132# (1, 3624, 4)
v 0 0
v 1 0
v 2 0
v 3 0
v 4 100
v 5 0
v 9 0
v 10 1
v 11 0
v 14 4
v 15 0
v 17 0
v 18 0
v 19 0
v 27 3
v 28 3
v 30 3
v 31 3
v 34 3
v 35 3
e 0 1 0 
e 0 2 0 
e 0 3 0 
e 1 0 0 
e 1 4 0 
e 1 5 0 
e 2 0 0 
e 3 0 0 
e 4 1 0 
e 4 9 0 
e 4 10 0 
e 4 27 0 
e 5 1 0 
e 5 11 0 
e 5 28 0 
e 9 4 0 
e 9 14 0 
e 9 15 0 
e 9 30 0 
e 10 4 0 
e 10 31 0 
e 11 5 0 
e 14 9 0 
e 14 17 0 
e 14 18 0 
e 15 9 0 
e 15 19 0 
e 15 34 0 
e 15 35 0 
e 17 14 0 
e 18 14 0 
e 19 15 0 
e 27 4 0 
e 28 5 0 
e 30 9 0 
e 31 10 0 
e 34 15 0 
e 35 15 0 
t # 133# (1, 3629, 14)
v 7 0
v 10 1
v 42 3
v 12 0
v 44 3
v 14 100
v 43 3
v 17 0
v 18 1
v 19 1
v 51 3
v 52 3
v 53 3
v 20 0
e 7 10 0 
e 10 7 0 
e 10 12 0 
e 42 12 0 
e 12 10 0 
e 12 42 0 
e 12 14 0 
e 12 43 0 
e 44 14 0 
e 14 12 0 
e 14 44 0 
e 14 17 0 
e 14 18 0 
e 43 12 0 
e 17 14 0 
e 17 19 0 
e 17 51 0 
e 17 52 0 
e 18 14 0 
e 18 53 0 
e 19 17 0 
e 19 20 0 
e 51 17 0 
e 52 17 0 
e 53 18 0 
e 20 19 0 
t # 134# (1, 3700, 37)
v 32 1
v 98 3
v 37 100
v 38 1
v 19 0
v 25 0
v 31 0
e 32 25 0 
e 98 25 0 
e 37 31 0 
e 38 31 0 
e 19 25 0 
e 25 32 0 
e 25 98 0 
e 25 19 0 
e 25 31 0 
e 31 37 0 
e 31 38 0 
e 31 25 0 
t # 135# (0, 3826, 26)
v 26 100
v 5 0
v 11 0
v 12 0
v 19 0
v 20 1
v 25 1
v 58 3
v 57 3
e 26 20 0 
e 26 25 0 
e 26 57 0 
e 26 58 0 
e 5 12 0 
e 11 19 0 
e 12 5 0 
e 12 19 0 
e 12 20 0 
e 19 11 0 
e 19 12 0 
e 19 25 0 
e 20 26 0 
e 20 12 0 
e 25 26 0 
e 25 19 0 
e 58 26 0 
e 57 26 0 
t # 136# (0, 3861, 17)
v 0 0
v 3 0
v 8 0
v 9 1
v 10 0
v 16 1
v 17 100
v 30 3
v 31 3
e 0 3 0 
e 3 0 0 
e 3 8 0 
e 3 9 0 
e 8 3 0 
e 8 10 0 
e 8 16 0 
e 9 3 0 
e 9 17 0 
e 10 8 0 
e 16 8 0 
e 16 17 0 
e 17 9 0 
e 17 16 0 
e 17 30 0 
e 17 31 0 
e 30 17 0 
e 31 17 0 
t # 137# (0, 3888, 4)
v 0 0
v 1 0
v 2 1
v 3 1
v 4 100
v 5 3
v 6 3
v 7 3
v 8 3
v 9 3
v 10 3
e 0 1 0 
e 0 2 0 
e 0 5 0 
e 0 6 0 
e 1 0 0 
e 1 3 0 
e 1 7 0 
e 1 8 0 
e 2 0 0 
e 2 4 0 
e 3 1 0 
e 3 4 0 
e 4 2 0 
e 4 3 0 
e 4 9 0 
e 4 10 0 
e 5 0 0 
e 6 0 0 
e 7 1 0 
e 8 1 0 
e 9 4 0 
e 10 4 0 
t # 138# (1, 3889, 7)
v 0 0
v 1 0
v 2 0
v 3 1
v 7 100
v 9 0
v 11 1
v 12 1
v 13 0
v 23 3
v 24 3
e 0 1 0 
e 0 2 0 
e 0 3 0 
e 1 0 0 
e 2 0 0 
e 3 0 0 
e 3 7 0 
e 7 3 0 
e 7 9 0 
e 7 23 0 
e 7 24 0 
e 9 7 0 
e 9 11 0 
e 9 12 0 
e 11 9 0 
e 11 13 0 
e 12 9 0 
e 13 11 0 
e 23 7 0 
e 24 7 0 
t # 139# (0, 3895, 6)
v 0 0
v 1 0
v 2 0
v 3 0
v 4 0
v 5 0
v 6 100
v 7 0
v 9 0
v 13 0
v 14 0
v 15 1
v 17 0
v 19 1
v 23 0
v 40 3
v 42 3
v 43 3
v 45 3
v 46 3
e 0 1 0 
e 0 2 0 
e 0 3 0 
e 0 4 0 
e 1 0 0 
e 1 5 0 
e 1 6 0 
e 1 40 0 
e 2 0 0 
e 2 7 0 
e 3 0 0 
e 3 9 0 
e 4 0 0 
e 5 1 0 
e 5 7 0 
e 5 13 0 
e 5 42 0 
e 6 1 0 
e 6 14 0 
e 6 15 0 
e 6 43 0 
e 7 2 0 
e 7 5 0 
e 9 3 0 
e 9 14 0 
e 9 19 0 
e 13 5 0 
e 13 14 0 
e 13 17 0 
e 13 23 0 
e 14 6 0 
e 14 9 0 
e 14 13 0 
e 14 45 0 
e 15 6 0 
e 15 46 0 
e 17 13 0 
e 19 9 0 
e 23 13 0 
e 40 1 0 
e 42 5 0 
e 43 6 0 
e 45 14 0 
e 46 15 0 
t # 140# (0, 3895, 7)
v 0 0
v 1 0
v 2 0
v 3 0
v 4 0
v 5 0
v 6 0
v 7 100
v 8 0
v 13 0
v 14 0
v 16 1
v 17 0
v 18 1
v 23 0
v 40 3
v 41 3
v 42 3
v 44 3
v 47 3
e 0 1 0 
e 0 2 0 
e 0 3 0 
e 0 4 0 
e 1 0 0 
e 1 5 0 
e 1 6 0 
e 1 40 0 
e 2 0 0 
e 2 7 0 
e 2 8 0 
e 2 41 0 
e 3 0 0 
e 4 0 0 
e 5 1 0 
e 5 7 0 
e 5 13 0 
e 5 42 0 
e 6 1 0 
e 6 14 0 
e 7 2 0 
e 7 5 0 
e 7 16 0 
e 7 44 0 
e 8 2 0 
e 8 17 0 
e 8 18 0 
e 13 5 0 
e 13 14 0 
e 13 17 0 
e 13 23 0 
e 14 6 0 
e 14 13 0 
e 16 7 0 
e 16 47 0 
e 17 8 0 
e 17 13 0 
e 18 8 0 
e 23 13 0 
e 40 1 0 
e 41 2 0 
e 42 5 0 
e 44 7 0 
e 47 16 0 
t # 141# (1, 3946, 2)
v 0 0
v 1 0
v 2 100
v 3 1
v 4 0
v 5 0
v 6 0
v 10 3
v 11 3
v 12 3
v 13 3
v 14 3
e 0 1 0 
e 0 2 0 
e 0 3 0 
e 0 4 0 
e 1 0 0 
e 1 5 0 
e 1 6 0 
e 2 0 0 
e 2 3 0 
e 2 10 0 
e 2 11 0 
e 3 0 0 
e 3 2 0 
e 4 0 0 
e 4 12 0 
e 4 13 0 
e 4 14 0 
e 5 1 0 
e 6 1 0 
e 10 2 0 
e 11 2 0 
e 12 4 0 
e 13 4 0 
e 14 4 0 
t # 142# (1, 3965, 9)
v 0 0
v 1 0
v 2 0
v 3 0
v 4 1
v 9 100
v 10 1
v 45 3
v 46 3
v 14 1
v 20 0
v 24 0
v 25 1
e 0 1 0 
e 0 2 0 
e 0 3 0 
e 0 4 0 
e 1 0 0 
e 2 0 0 
e 3 0 0 
e 3 9 0 
e 3 10 0 
e 4 0 0 
e 9 3 0 
e 9 14 0 
e 9 45 0 
e 9 46 0 
e 10 3 0 
e 45 9 0 
e 46 9 0 
e 14 9 0 
e 14 20 0 
e 20 14 0 
e 20 24 0 
e 20 25 0 
e 24 20 0 
e 25 20 0 
t # 143# (1, 3971, 10)
v 0 0
v 1 0
v 2 0
v 3 0
v 4 1
v 10 100
v 11 1
v 15 1
v 48 3
v 49 3
v 21 0
v 26 0
v 27 1
e 0 1 0 
e 0 2 0 
e 0 3 0 
e 0 4 0 
e 1 0 0 
e 2 0 0 
e 3 0 0 
e 3 10 0 
e 3 11 0 
e 4 0 0 
e 10 3 0 
e 10 15 0 
e 10 48 0 
e 10 49 0 
e 11 3 0 
e 15 10 0 
e 15 21 0 
e 48 10 0 
e 49 10 0 
e 21 15 0 
e 21 26 0 
e 21 27 0 
e 26 21 0 
e 27 21 0 
t # 144# (1, 4001, 16)
v 6 0
v 8 0
v 11 0
v 15 1
v 16 100
v 17 0
v 18 1
v 19 1
v 25 3
v 26 3
v 27 3
e 6 11 0 
e 8 11 0 
e 11 6 0 
e 11 8 0 
e 11 15 0 
e 15 11 0 
e 15 16 0 
e 16 15 0 
e 16 17 0 
e 16 25 0 
e 16 26 0 
e 17 16 0 
e 17 18 0 
e 17 19 0 
e 18 17 0 
e 18 27 0 
e 19 17 0 
e 25 16 0 
e 26 16 0 
e 27 18 0 
t # 145# (1, 4017, 19)
v 59 3
v 13 0
v 15 1
v 17 0
v 19 100
v 51 3
v 21 0
v 22 1
v 55 3
v 52 3
v 25 1
v 58 3
v 27 0
v 57 3
e 59 22 0 
e 13 15 0 
e 15 13 0 
e 15 17 0 
e 17 15 0 
e 17 19 0 
e 17 51 0 
e 17 52 0 
e 19 17 0 
e 19 21 0 
e 19 22 0 
e 19 55 0 
e 51 17 0 
e 21 19 0 
e 21 25 0 
e 21 57 0 
e 21 58 0 
e 22 59 0 
e 22 19 0 
e 55 19 0 
e 52 17 0 
e 25 21 0 
e 25 27 0 
e 58 21 0 
e 27 25 0 
e 57 21 0 
t # 146# (1, 4017, 20)
v 14 0
v 60 3
v 16 1
v 18 0
v 20 100
v 53 3
v 54 3
v 23 0
v 56 3
v 24 1
v 26 1
v 28 0
v 61 3
v 62 3
e 14 16 0 
e 60 23 0 
e 16 14 0 
e 16 18 0 
e 18 16 0 
e 18 20 0 
e 18 53 0 
e 18 54 0 
e 20 18 0 
e 20 23 0 
e 20 24 0 
e 20 56 0 
e 53 18 0 
e 54 18 0 
e 23 60 0 
e 23 20 0 
e 23 26 0 
e 23 61 0 
e 56 20 0 
e 24 20 0 
e 24 62 0 
e 26 23 0 
e 26 28 0 
e 28 26 0 
e 61 23 0 
e 62 24 0 
t # 147# (0, 4020, 19)
v 3 0
v 4 0
v 8 0
v 9 0
v 14 1
v 15 1
v 19 100
v 29 3
v 30 3
e 3 8 0 
e 4 9 0 
e 8 3 0 
e 8 9 0 
e 8 14 0 
e 9 4 0 
e 9 8 0 
e 9 15 0 
e 14 8 0 
e 14 19 0 
e 15 9 0 
e 15 19 0 
e 19 14 0 
e 19 15 0 
e 19 29 0 
e 19 30 0 
e 29 19 0 
e 30 19 0 
t # 148# (0, 4023, 12)
v 0 0
v 1 0
v 4 0
v 5 0
v 8 0
v 10 0
v 11 0
v 12 100
v 13 0
v 17 1
v 22 3
v 23 3
v 24 3
v 25 3
v 29 3
e 0 1 0 
e 1 0 0 
e 1 4 0 
e 1 5 0 
e 4 1 0 
e 4 10 0 
e 4 11 0 
e 5 1 0 
e 5 12 0 
e 5 13 0 
e 8 13 0 
e 10 4 0 
e 11 4 0 
e 11 12 0 
e 11 22 0 
e 11 23 0 
e 12 5 0 
e 12 11 0 
e 12 17 0 
e 12 24 0 
e 13 5 0 
e 13 8 0 
e 13 25 0 
e 17 12 0 
e 17 29 0 
e 22 11 0 
e 23 11 0 
e 24 12 0 
e 25 13 0 
e 29 17 0 
t # 149# (0, 4030, 24)
v 35 0
v 36 1
v 39 0
v 12 0
v 79 3
v 16 0
v 82 3
v 19 0
v 83 3
v 20 1
v 93 3
v 87 3
v 24 100
v 92 3
v 29 0
v 30 1
e 35 29 0 
e 35 39 0 
e 36 29 0 
e 39 35 0 
e 12 16 0 
e 79 16 0 
e 16 12 0 
e 16 79 0 
e 16 19 0 
e 16 20 0 
e 82 19 0 
e 19 16 0 
e 19 82 0 
e 19 24 0 
e 19 83 0 
e 83 19 0 
e 20 16 0 
e 93 30 0 
e 87 24 0 
e 24 19 0 
e 24 87 0 
e 24 29 0 
e 24 30 0 
e 92 29 0 
e 29 35 0 
e 29 36 0 
e 29 24 0 
e 29 92 0 
e 30 93 0 
e 30 24 0 
t # 150# (1, 4041, 7)
v 0 0
v 1 0
v 2 0
v 3 1
v 7 100
v 9 0
v 11 1
v 12 1
v 16 3
v 17 3
v 18 3
e 0 1 0 
e 0 2 0 
e 0 3 0 
e 1 0 0 
e 2 0 0 
e 3 0 0 
e 3 7 0 
e 7 3 0 
e 7 9 0 
e 7 16 0 
e 7 17 0 
e 9 7 0 
e 9 11 0 
e 9 12 0 
e 11 9 0 
e 11 18 0 
e 12 9 0 
e 16 7 0 
e 17 7 0 
e 18 11 0 
t # 151# (0, 4119, 15)
v 0 0
v 3 0
v 36 3
v 37 3
v 38 3
v 4 0
v 8 0
v 9 1
v 10 0
v 15 100
v 16 0
v 20 0
v 21 1
v 22 0
v 25 0
v 26 1
v 31 3
e 0 3 0 
e 3 0 0 
e 3 8 0 
e 3 9 0 
e 36 20 0 
e 37 20 0 
e 38 21 0 
e 4 10 0 
e 8 3 0 
e 8 10 0 
e 8 15 0 
e 9 3 0 
e 10 4 0 
e 10 8 0 
e 10 16 0 
e 15 8 0 
e 15 20 0 
e 15 21 0 
e 15 31 0 
e 16 10 0 
e 16 22 0 
e 20 36 0 
e 20 37 0 
e 20 15 0 
e 20 22 0 
e 21 38 0 
e 21 15 0 
e 22 16 0 
e 22 20 0 
e 22 25 0 
e 22 26 0 
e 25 22 0 
e 26 22 0 
e 31 15 0 
t # 152# (1, 4126, 2)
v 0 0
v 1 0
v 2 100
v 3 1
v 4 0
v 5 4
v 6 1
v 14 3
v 15 3
v 16 3
v 17 3
v 18 3
e 0 1 0 
e 0 2 0 
e 0 3 0 
e 0 4 0 
e 1 0 0 
e 1 5 0 
e 1 6 0 
e 2 0 0 
e 2 3 0 
e 2 14 0 
e 2 15 0 
e 3 0 0 
e 3 2 0 
e 4 0 0 
e 4 16 0 
e 4 17 0 
e 4 18 0 
e 5 1 0 
e 6 1 0 
e 14 2 0 
e 15 2 0 
e 16 4 0 
e 17 4 0 
e 18 4 0 
t # 153# (0, 4136, 3)
v 0 0
v 1 0
v 2 0
v 3 100
v 4 1
v 5 0
v 6 0
v 7 0
v 8 1
v 9 0
v 22 3
v 23 3
v 24 3
e 0 1 0 
e 0 2 0 
e 0 3 0 
e 0 4 0 
e 1 0 0 
e 1 5 0 
e 1 6 0 
e 1 7 0 
e 2 0 0 
e 2 8 0 
e 2 9 0 
e 2 22 0 
e 3 0 0 
e 3 4 0 
e 3 23 0 
e 3 24 0 
e 4 0 0 
e 4 3 0 
e 5 1 0 
e 6 1 0 
e 6 9 0 
e 7 1 0 
e 8 2 0 
e 9 2 0 
e 9 6 0 
e 22 2 0 
e 23 3 0 
e 24 3 0 
t # 154# (1, 4161, 1)
v 0 0
v 1 100
v 2 0
v 3 0
v 4 0
v 5 1
v 6 0
v 7 0
v 8 1
v 10 0
v 22 3
v 23 3
v 24 3
v 25 3
v 26 3
v 27 3
e 0 1 0 
e 0 2 0 
e 0 3 0 
e 1 0 0 
e 1 4 0 
e 1 5 0 
e 1 22 0 
e 2 0 0 
e 2 6 0 
e 2 23 0 
e 3 0 0 
e 3 7 0 
e 3 24 0 
e 4 1 0 
e 4 8 0 
e 4 25 0 
e 4 26 0 
e 5 1 0 
e 5 27 0 
e 6 2 0 
e 7 3 0 
e 8 4 0 
e 8 10 0 
e 10 8 0 
e 22 1 0 
e 23 2 0 
e 24 3 0 
e 25 4 0 
e 26 4 0 
e 27 5 0 
t # 155# (0, 4174, 17)
v 32 3
v 33 3
v 34 3
v 2 0
v 3 0
v 6 0
v 8 0
v 14 0
v 15 0
v 17 100
v 18 0
v 19 0
v 20 1
v 22 3
v 30 3
v 31 3
e 32 19 0 
e 33 19 0 
e 34 20 0 
e 2 6 0 
e 3 8 0 
e 6 2 0 
e 6 14 0 
e 6 15 0 
e 8 3 0 
e 8 14 0 
e 8 22 0 
e 14 6 0 
e 14 8 0 
e 14 17 0 
e 15 6 0 
e 15 18 0 
e 17 14 0 
e 17 19 0 
e 17 20 0 
e 17 30 0 
e 18 15 0 
e 18 19 0 
e 18 31 0 
e 19 32 0 
e 19 33 0 
e 19 17 0 
e 19 18 0 
e 20 34 0 
e 20 17 0 
e 22 8 0 
e 30 17 0 
e 31 18 0 
t # 156# (0, 4228, 5)
v 0 0
v 1 0
v 2 0
v 3 0
v 4 0
v 5 100
v 6 1
v 9 0
v 11 0
v 12 0
v 13 0
v 14 1
v 17 1
v 26 3
v 27 3
v 28 3
v 32 3
v 33 3
v 34 3
e 0 1 0 
e 0 2 0 
e 0 3 0 
e 1 0 0 
e 1 4 0 
e 1 5 0 
e 1 6 0 
e 2 0 0 
e 3 0 0 
e 3 9 0 
e 4 1 0 
e 4 11 0 
e 4 12 0 
e 4 26 0 
e 5 1 0 
e 5 13 0 
e 5 14 0 
e 5 27 0 
e 6 1 0 
e 6 28 0 
e 9 3 0 
e 9 13 0 
e 9 17 0 
e 11 4 0 
e 12 4 0 
e 13 5 0 
e 13 9 0 
e 13 32 0 
e 13 33 0 
e 14 5 0 
e 14 34 0 
e 17 9 0 
e 26 4 0 
e 27 5 0 
e 28 6 0 
e 32 13 0 
e 33 13 0 
e 34 14 0 
t # 157# (1, 4232, 5)
v 0 0
v 1 0
v 2 1
v 3 0
v 4 0
v 5 100
v 6 0
v 11 0
v 12 1
v 14 0
v 15 0
v 16 3
v 17 3
v 18 3
v 19 3
v 22 3
v 23 3
v 27 3
v 28 3
v 29 3
v 30 3
v 31 3
v 32 3
e 0 1 0 
e 0 2 0 
e 0 3 0 
e 0 4 0 
e 1 0 0 
e 1 2 0 
e 1 5 0 
e 1 6 0 
e 2 0 0 
e 2 1 0 
e 3 0 0 
e 4 0 0 
e 5 1 0 
e 5 11 0 
e 5 12 0 
e 5 16 0 
e 6 1 0 
e 6 17 0 
e 6 18 0 
e 6 19 0 
e 11 5 0 
e 11 14 0 
e 11 15 0 
e 11 22 0 
e 12 5 0 
e 12 23 0 
e 14 11 0 
e 14 27 0 
e 14 28 0 
e 14 29 0 
e 15 11 0 
e 15 30 0 
e 15 31 0 
e 15 32 0 
e 16 5 0 
e 17 6 0 
e 18 6 0 
e 19 6 0 
e 22 11 0 
e 23 12 0 
e 27 14 0 
e 28 14 0 
e 29 14 0 
e 30 15 0 
e 31 15 0 
e 32 15 0 
t # 158# (0, 4321, 14)
v 0 0
v 2 0
v 6 0
v 7 1
v 9 0
v 13 1
v 14 100
v 51 3
v 52 3
e 0 2 0 
e 2 0 0 
e 2 6 0 
e 2 7 0 
e 6 2 0 
e 6 9 0 
e 6 13 0 
e 7 2 0 
e 7 14 0 
e 9 6 0 
e 13 6 0 
e 13 14 0 
e 14 7 0 
e 14 13 0 
e 14 51 0 
e 14 52 0 
e 51 14 0 
e 52 14 0 
t # -1